/* DATA DESCRIPTION:
Citation:	Diekmann, Bernhard; Fütterer, Dieter K; Grobe, Hannes; Hillenbrand, Claus-Dieter; Kuhn, Gerhard; Michels, Klaus; Petschick, Rainer; Pirrung, Michael (1996): Ice rafted debris (> 2 mm gravel) distribution in sediment core PS1768-8 [dataset]. PANGAEA, https://doi.org/10.1594/PANGAEA.50243, 
	In supplement to: Diekmann, B et al. (2004): Terrigenous sediment supply in the polar to temperate South Atlantic: land-ocean links of environmental changes during the late Quaternary. In: Wefer, G; Mulitza, S & Ratmeyer, V (eds.), The South Atlantic in the Late Quaternary: Reconstruction of Material Budget and Current Systems. Springer-Verlag, Berlin, Heidelberg, New York, 375-399, hdl:10013/epic.15597.d001
Project(s):	Paleoenvironmental Reconstructions from Marine Sediments @ AWI (AWI_Paleo) (URI: https://www.awi.de/en/science/geosciences/marine-geology.html)
Coverage:	LATITUDE: -52.593000 * LONGITUDE: 4.476000
	DATE/TIME START: 1989-11-11T21:40:00 * DATE/TIME END: 1989-11-11T21:40:00
	MINIMUM DEPTH, sediment/rock: 0.01 m * MAXIMUM DEPTH, sediment/rock: 9.00 m
Event(s):	PS1768-8 (PS16/311) (URI: https://store.pangaea.de/Images/Cores/PS-stationcard/PS1768-stationcard.pdf) * LATITUDE: -52.593000 * LONGITUDE: 4.476000 * DATE/TIME: 1989-11-11T21:40:00 * ELEVATION: -3299.0 m * Recovery: 8.96 m * LOCATION: Shona Ridge * CAMPAIGN: ANT-VIII/3 (PS16) (URI: https://doi.org/10.2312/BzP_0074_1990) * BASIS: Polarstern (URI: https://doi.org/10.17815/jlsrf-3-163) * METHOD/DEVICE: Gravity corer (Kiel type) (SL) * COMMENT: 10 core sections: 0-0.44, 0.44-1.06, 1.06-2.06, 2.06-3.06, 3.06-4.06, 4.06-5.04, 5.04-6.04, 6.04-7.04, 7.04-8.04, 8.04-8.96 m
Parameter(s):	DEPTH, sediment/rock [m] (Depth sed) * GEOCODE
	Ice rafted debris, number of gravel [#/10 cm**3] (IRD gravel) * PI: Grobe, Hannes (https://orcid.org/0000-0002-4133-2218, hannes.grobe@awi.de, https://www.awi.de/en/about-us/organisation/staff/single-view/hannes-grobe.html) * METHOD/DEVICE: IRD-Counting (Grobe, 1987) (URI: hdl:10013/epic.29587.d001)
License:	Creative Commons Attribution 3.0 Unported (CC-BY-3.0) (URI: https://creativecommons.org/licenses/by/3.0/)
Size:	900 data points
*/
Depth sed [m]	IRD gravel [#/10 cm**3]
0.01	0
0.02	1
0.03	0
0.04	1
0.05	0
0.06	0
0.07	0
0.08	0
0.09	1
0.10	0
0.11	2
0.12	0
0.13	0
0.14	0
0.15	0
0.16	2
0.17	0
0.18	1
0.19	0
0.20	0
0.21	0
0.22	1
0.23	0
0.24	0
0.25	0
0.26	2
0.27	0
0.28	0
0.29	0
0.30	0
0.31	1
0.32	0
0.33	0
0.34	0
0.35	0
0.36	0
0.37	0
0.38	1
0.39	1
0.40	0
0.41	0
0.42	0
0.43	1
0.44	0
0.45	0
0.46	0
0.47	1
0.48	0
0.49	0
0.50	0
0.51	0
0.52	1
0.53	0
0.54	0
0.55	0
0.56	0
0.57	1
0.58	0
0.59	0
0.60	1
0.61	0
0.62	0
0.63	0
0.64	0
0.65	0
0.66	0
0.67	1
0.68	0
0.69	1
0.70	0
0.71	0
0.72	0
0.73	0
0.74	0
0.75	0
0.76	0
0.77	0
0.78	0
0.79	0
0.80	0
0.81	0
0.82	1
0.83	0
0.84	0
0.85	0
0.86	0
0.87	0
0.88	0
0.89	0
0.90	0
0.91	0
0.92	0
0.93	0
0.94	0
0.95	1
0.96	0
0.97	0
0.98	0
0.99	0
1.00	0
1.01	0
1.02	1
1.03	0
1.04	0
1.05	1
1.06	0
1.07	1
1.08	0
1.09	0
1.10	1
1.11	1
1.12	1
1.13	1
1.14	1
1.15	0
1.16	1
1.17	0
1.18	1
1.19	0
1.20	0
1.21	1
1.22	0
1.23	0
1.24	1
1.25	1
1.26	2
1.27	0
1.28	0
1.29	1
1.30	0
1.31	0
1.32	0
1.33	0
1.34	0
1.35	0
1.36	0
1.37	1
1.38	1
1.39	0
1.40	2
1.41	0
1.42	1
1.43	0
1.44	1
1.45	1
1.46	0
1.47	0
1.48	1
1.49	1
1.50	1
1.51	0
1.52	0
1.53	1
1.54	0
1.55	0
1.56	1
1.57	0
1.58	1
1.59	1
1.60	0
1.61	0
1.62	1
1.63	1
1.64	1
1.65	2
1.66	2
1.67	1
1.68	3
1.69	2
1.70	3
1.71	3
1.72	2
1.73	1
1.74	2
1.75	4
1.76	4
1.77	5
1.78	8
1.79	11
1.80	4
1.81	5
1.82	7
1.83	5
1.84	10
1.85	20
1.86	5
1.87	6
1.88	7
1.89	4
1.90	3
1.91	6
1.92	11
1.93	7
1.94	7
1.95	3
1.96	5
1.97	6
1.98	7
1.99	3
2.00	5
2.01	7
2.02	3
2.03	4
2.04	5
2.05	3
2.06	2
2.07	2
2.08	3
2.09	5
2.10	8
2.11	8
2.12	3
2.13	5
2.14	9
2.15	10
2.16	12
2.17	8
2.18	17
2.19	9
2.20	8
2.21	9
2.22	17
2.23	24
2.24	7
2.25	4
2.26	4
2.27	4
2.28	3
2.29	2
2.30	3
2.31	4
2.32	4
2.33	4
2.34	6
2.35	2
2.36	4
2.37	4
2.38	4
2.39	4
2.40	4
2.41	3
2.42	6
2.43	7
2.44	4
2.45	7
2.46	5
2.47	4
2.48	7
2.49	4
2.50	7
2.51	2
2.52	5
2.53	6
2.54	9
2.55	6
2.56	7
2.57	5
2.58	7
2.59	4
2.60	3
2.61	5
2.62	4
2.63	2
2.64	5
2.65	4
2.66	4
2.67	4
2.68	8
2.69	4
2.70	5
2.71	3
2.72	4
2.73	8
2.74	3
2.75	3
2.76	4
2.77	6
2.78	4
2.79	5
2.80	2
2.81	5
2.82	3
2.83	4
2.84	7
2.85	4
2.86	6
2.87	7
2.88	3
2.89	7
2.90	3
2.91	2
2.92	2
2.93	4
2.94	5
2.95	3
2.96	6
2.97	7
2.98	8
2.99	11
3.00	6
3.01	9
3.02	8
3.03	4
3.04	6
3.05	7
3.06	3
3.07	2
3.08	4
3.09	5
3.10	4
3.11	5
3.12	6
3.13	5
3.14	4
3.15	5
3.16	5
3.17	3
3.18	3
3.19	6
3.20	6
3.21	5
3.22	4
3.23	7
3.24	4
3.25	7
3.26	8
3.27	9
3.28	11
3.29	6
3.30	6
3.31	7
3.32	4
3.33	4
3.34	4
3.35	3
3.36	4
3.37	5
3.38	4
3.39	3
3.40	2
3.41	4
3.42	6
3.43	4
3.44	5
3.45	8
3.46	2
3.47	7
3.48	6
3.49	8
3.50	4
3.51	6
3.52	6
3.53	8
3.54	7
3.55	2
3.56	8
3.57	4
3.58	5
3.59	4
3.60	3
3.61	3
3.62	3
3.63	3
3.64	5
3.65	4
3.66	2
3.67	2
3.68	6
3.69	5
3.70	8
3.71	7
3.72	2
3.73	4
3.74	3
3.75	8
3.76	2
3.77	4
3.78	7
3.79	7
3.80	8
3.81	10
3.82	4
3.83	5
3.84	9
3.85	4
3.86	4
3.87	2
3.88	3
3.89	2
3.90	3
3.91	5
3.92	3
3.93	3
3.94	3
3.95	2
3.96	3
3.97	3
3.98	4
3.99	5
4.00	3
4.01	2
4.02	1
4.03	3
4.04	3
4.05	5
4.06	2
4.07	3
4.08	3
4.09	4
4.10	3
4.11	3
4.12	5
4.13	6
4.14	7
4.15	5
4.16	2
4.17	9
4.18	3
4.19	3
4.20	5
4.21	3
4.22	5
4.23	2
4.24	4
4.25	3
4.26	2
4.27	2
4.28	3
4.29	3
4.30	1
4.31	3
4.32	3
4.33	5
4.34	3
4.35	4
4.36	7
4.37	4
4.38	8
4.39	7
4.40	3
4.41	3
4.42	2
4.43	2
4.44	2
4.45	6
4.46	5
4.47	5
4.48	4
4.49	17
4.50	9
4.51	9
4.52	11
4.53	12
4.54	13
4.55	7
4.56	6
4.57	5
4.58	8
4.59	4
4.60	4
4.61	3
4.62	3
4.63	11
4.64	5
4.65	8
4.66	6
4.67	9
4.68	5
4.69	11
4.70	4
4.71	3
4.72	4
4.73	5
4.74	4
4.75	5
4.76	6
4.77	4
4.78	5
4.79	4
4.80	7
4.81	5
4.82	5
4.83	5
4.84	6
4.85	6
4.86	7
4.87	8
4.88	4
4.89	3
4.90	3
4.91	1
4.92	4
4.93	8
4.94	7
4.95	8
4.96	6
4.97	4
4.98	6
4.99	3
5.00	5
5.01	6
5.02	7
5.03	5
5.04	1
5.05	1
5.06	2
5.07	2
5.08	1
5.09	3
5.10	1
5.11	2
5.12	9
5.13	3
5.14	3
5.15	5
5.16	1
5.17	1
5.18	3
5.19	4
5.20	7
5.21	3
5.22	4
5.23	4
5.24	5
5.25	5
5.26	7
5.27	3
5.28	3
5.29	4
5.30	2
5.31	3
5.32	1
5.33	1
5.34	3
5.35	5
5.36	2
5.37	2
5.38	3
5.39	2
5.40	4
5.41	3
5.42	2
5.43	3
5.44	3
5.45	4
5.46	2
5.47	3
5.48	3
5.49	2
5.50	2
5.51	1
5.52	5
5.53	7
5.54	5
5.55	7
5.56	5
5.57	3
5.58	5
5.59	4
5.60	2
5.61	1
5.62	2
5.63	5
5.64	4
5.65	5
5.66	2
5.67	4
5.68	3
5.69	2
5.70	5
5.71	4
5.72	8
5.73	6
5.74	7
5.75	11
5.76	9
5.77	8
5.78	7
5.79	11
5.80	5
5.81	7
5.82	7
5.83	6
5.84	5
5.85	7
5.86	6
5.87	5
5.88	8
5.89	7
5.90	8
5.91	7
5.92	3
5.93	9
5.94	5
5.95	6
5.96	3
5.97	5
5.98	4
5.99	3
6.00	2
6.01	1
6.02	2
6.03	1
6.04	1
6.05	1
6.06	1
6.07	1
6.08	0
6.09	1
6.10	1
6.11	0
6.12	1
6.13	0
6.14	1
6.15	0
6.16	1
6.17	2
6.18	2
6.19	3
6.20	2
6.21	3
6.22	3
6.23	4
6.24	3
6.25	2
6.26	3
6.27	3
6.28	3
6.29	4
6.30	5
6.31	2
6.32	1
6.33	4
6.34	2
6.35	2
6.36	5
6.37	5
6.38	3
6.39	6
6.40	6
6.41	5
6.42	2
6.43	3
6.44	5
6.45	3
6.46	6
6.47	3
6.48	3
6.49	3
6.50	4
6.51	3
6.52	3
6.53	2
6.54	4
6.55	5
6.56	2
6.57	1
6.58	6
6.59	2
6.60	1
6.61	3
6.62	1
6.63	1
6.64	4
6.65	5
6.66	7
6.67	8
6.68	9
6.69	3
6.70	3
6.71	6
6.72	5
6.73	6
6.74	3
6.75	4
6.76	4
6.77	5
6.78	3
6.79	2
6.80	2
6.81	1
6.82	3
6.83	3
6.84	7
6.85	5
6.86	7
6.87	4
6.88	5
6.89	3
6.90	6
6.91	9
6.92	5
6.93	8
6.94	4
6.95	7
6.96	5
6.97	6
6.98	6
6.99	5
7.00	7
7.01	4
7.02	3
7.03	1
7.04	1
7.05	1
7.06	4
7.07	2
7.08	3
7.09	5
7.10	4
7.11	3
7.12	5
7.13	3
7.14	3
7.15	3
7.16	2
7.17	1
7.18	3
7.19	4
7.20	7
7.21	14
7.22	8
7.23	5
7.24	9
7.25	3
7.26	2
7.27	6
7.28	3
7.29	3
7.30	1
7.31	0
7.32	0
7.33	0
7.34	1
7.35	0
7.36	0
7.37	1
7.38	0
7.39	0
7.40	0
7.41	0
7.42	0
7.43	0
7.44	0
7.45	0
7.46	0
7.47	0
7.48	0
7.49	0
7.50	0
7.51	0
7.52	2
7.53	0
7.54	0
7.55	0
7.56	0
7.57	0
7.58	0
7.59	0
7.60	0
7.61	0
7.62	0
7.63	0
7.64	1
7.65	0
7.66	0
7.67	0
7.68	0
7.69	0
7.70	0
7.71	0
7.72	0
7.73	0
7.74	0
7.75	0
7.76	0
7.77	0
7.78	0
7.79	0
7.80	0
7.81	0
7.82	0
7.83	0
7.84	0
7.85	0
7.86	0
7.87	0
7.88	0
7.89	0
7.90	0
7.91	0
7.92	0
7.93	0
7.94	0
7.95	0
7.96	0
7.97	0
7.98	0
7.99	0
8.00	0
8.01	0
8.02	0
8.03	0
8.04	0
8.05	0
8.06	0
8.07	0
8.08	0
8.09	0
8.10	0
8.11	0
8.12	0
8.13	0
8.14	0
8.15	0
8.16	0
8.17	0
8.18	0
8.19	0
8.20	0
8.21	0
8.22	0
8.23	0
8.24	0
8.25	0
8.26	0
8.27	0
8.28	0
8.29	0
8.30	2
8.31	1
8.32	3
8.33	5
8.34	4
8.35	2
8.36	2
8.37	4
8.38	5
8.39	6
8.40	8
8.41	5
8.42	7
8.43	6
8.44	5
8.45	7
8.46	4
8.47	6
8.48	12
8.49	6
8.50	4
8.51	8
8.52	14
8.53	2
8.54	4
8.55	4
8.56	5
8.57	3
8.58	2
8.59	1
8.60	2
8.61	3
8.62	5
8.63	3
8.64	6
8.65	2
8.66	5
8.67	3
8.68	9
8.69	5
8.70	6
8.71	3
8.72	8
8.73	7
8.74	4
8.75	3
8.76	12
8.77	2
8.78	5
8.79	3
8.80	6
8.81	8
8.82	2
8.83	5
8.84	1
8.85	1
8.86	4
8.87	3
8.88	2
8.89	3
8.90	6
8.91	7
8.92	9
8.93	12
8.94	8
8.95	7
8.96	0
8.97	0
8.98	0
8.99	0
9.00	0
