lon	lat
11.3987365874669	-54.0046678697785
10.9698757456654	-54.0145849896548
10.7842978675626	-54.1674068011143
10.6782773603296	-54.2147644234171
10.1120403109126	-54.3466545426368
9.54137807991666	-54.4753419887634
8.96635312543136	-54.6007813033094
8.38703237865949	-54.7229275568583
7.80348728698898	-54.8417364025923
7.09474916761103	-54.9659076514173
6.85246977055379	-54.9829541457189
6.232442405112	-54.9532042875188
5.84361391467884	-54.835784020915
4.74346356882291	-54.8241805021613
4.01630390949195	-54.8563250699042
3.0512582545657	-54.9609750737239
2.80756508380094	-54.9681500190851
2.19323457637555	-54.9133381608412
1.827968244305	-54.9207247954767
1.34357792280859	-54.9986640410814
0.612111107869305	-55.0760702871655
-0.122688847839079	-55.1481236015717
-0.860601489833936	-55.2147822048927
-1.35513129102215	-55.2796350315253
-1.85158941589535	-55.3420632134914
-2.34991219104649	-55.402050241375
-2.72631099390627	-55.4630037674896
-3.10410583683125	-55.5225662086561
-3.48327146899767	-55.5807284481397
-4.23639479905884	-55.6225553772227
-4.99133325752452	-55.6587747594133
-5.74783042396807	-55.6893645398054
-5.89754846543764	-55.8224664890271
-6.16006050536539	-55.8777871111084
-6.42347043655657	-55.9324449572653
-6.68777168194926	-55.9864359664715
-6.95295746817392	-56.0397561023748
-7.21902082486966	-56.092401354327
-7.48595458408501	-56.1443677384198
-7.75375137976509	-56.1956512985269
-7.91416450904765	-56.3260474504371
-8.18417196331425	-56.3762566533607
-8.58124090094326	-56.4152933019412
-8.97926806374959	-56.4528083816293
-9.37821837189882	-56.488795577962
-9.7780562246539	-56.5232488078055
-10.1787455169806	-56.5561622234866
-10.5802496568434	-56.5875302167941
-10.9825315831758	-56.6173474228447
-11.3855537845047	-56.6456087238059
-11.7892783182099	-56.6723092524716
-12.0677689586533	-56.7123296215643
-12.3469613632781	-56.7516116047437
-12.6268448798135	-56.7901519528087
-12.9074086712658	-56.8279474633821
-13.1886417174135	-56.8649949819283
-13.470532816414	-56.901291402765
-14.2560070239624	-56.8681980080994
-15.0396794233732	-56.8292268794062
-15.8212641060971	-56.784403337495
-16.0165928565274	-56.901291402765
-16.3017083443074	-56.9299301669888
-16.4997385175152	-57.0459983544452
-16.7866043180259	-57.0733383751836
-17.0739660299459	-57.0998983995706
-17.3618104467193	-57.1256761096262
-17.6501242199301	-57.1506692486793
-18.3112000315156	-57.1086228924097
-18.9704078084865	-57.0624474401614
-19.6275817181266	-57.0121640874774
-19.9164059938091	-57.0309288184571
-20.2055700885527	-57.0489004065781
-20.4950598466451	-57.0660772638633
-20.7848610139685	-57.082457869408
-21.1219488250461	-57.1642674786776
-21.4608016460138	-57.2450268056781
-21.7280161283136	-57.4170819080537
-22.0216826495727	-57.430079650317
-22.2434598798446	-57.5350279019505
-22.5384500408281	-57.5466047492439
-22.7628232885516	-57.6505278626726
-23.0591001513511	-57.6606702729202
-23.1811700886717	-57.6327261174382
-23.493301455137	-57.4828710606014
-23.6293777306568	-57.295746729428
-24.0552219471531	-57.1159762756709
-24.186350913288	-56.928485470469
-25.3034861726678	-56.5675645905616
-26.2236702346526	-56.3215731658723
-27.2995722113328	-56.0983176045488
-27.5283909066796	-56.1911982430901
-27.8116468696438	-56.1881518318869
-28.0425908887289	-56.2799267548122
-28.3265685497442	-56.275459996191
-28.6206473933673	-56.42821285139
-28.967660646064	-56.4840577100631
-29.3928870799092	-56.7586293756164
-29.8091142067065	-56.8734838288269
-30.3129511476806	-57.2064007736549
-30.7385384329493	-57.3178039591533
-31.122470196792	-57.5251792088805
-31.4170364701633	-57.5121352691914
-31.6682704744619	-57.5961708503531
-31.9632642892947	-57.5816120691426
-32.2579713418151	-57.5662393641783
-32.5523764795399	-57.5500541402017
-32.8464646447797	-57.5330578734058
-33.1742352166844	-57.6732918215292
-33.5424934041175	-57.7139192716186
-33.8753701771698	-57.8521189468864
-34.1715333318181	-57.8314428145469
-34.467288176858	-57.8099533495155
-34.7626198285932	-57.7876525261547
-35.0575135358326	-57.764542387959
-35.4603973161613	-57.6993787665957
-36.0175825821379	-57.7479883077451
-36.5764860698444	-57.7937025760513
-37.0040795539598	-57.9792689478156
-37.2988706654911	-57.9499880028083
-37.5930878715048	-57.9199064976999
-38.1345591299549	-58.0575098905904
-38.6809116710043	-58.1924659753019
-39.2127570359685	-58.4252184413956
-39.5095165077321	-58.3898435463043
-39.7881188297793	-58.4542665155141
-40.0844652912074	-58.4173249522022
-40.3645365730974	-58.4802841486423
-40.660408144291	-58.4417770052159
-41.0315241574381	-58.5572123527716
-41.4176300430685	-58.5705251622544
-41.7932325151656	-58.683443712275
-42.0891621738322	-58.641042151497
-42.7485050383363	-58.9097178292972
-43.4252549342468	-59.07341259931
-44.4011112245288	-59.4886958582567
-45	-59.591839961159
-45.6052145972448	-59.7934752052003
-45.906184566811	-59.7406396910906
-46.2102941689212	-59.7886430538972
-46.5100838051526	-59.7342103386438
-46.9192462339689	-59.8297455371217
-47.3228938986462	-59.8222185617904
-48.162860297225	-60.1076456713063
-48.8958480130875	-60.2381812073609
-49.875496952388	-60.5588800791838
-50.4010008001743	-60.5868448537667
-50.9275041923902	-60.6124373433314
-51.9175178282125	-60.8146773027652
-52.9216466956509	-61.0086142150655
-55.0829578779612	-61.6734264252277
-56.5237217038973	-61.9611217633485
-58.3103385994332	-62.4085312521415
-58.712236858532	-62.5224978509889
-59.3088188593061	-62.7722697290685
-59.420773127511	-62.9718793646208
-59.7551682200497	-63.1454713597839
-59.7318841208736	-63.3082643201641
-59.649904105813	-63.3712755914914
-59.3441318451476	-63.4600279899282
-59.1621680553128	-63.4540746349256
-61.853218785878	-64.2518793363743
-61.8583987677383	-64.1700287113682
-61.6427060842835	-64.0362418414582
-61.8110189254262	-63.7439149435992
-61.0399433060497	-63.3069211035807
-60.5902932181486	-62.7754009729101
-59.7886776141652	-62.3959017453583
-59.888954898723	-62.1708817610985
-59.5657642465566	-61.9983513653522
-59.4567554000549	-61.7996747305878
-59.4028476573962	-61.7003625348789
-59.6887867733184	-61.6121345584102
-59.7654231099285	-61.549555905945
-59.862815942345	-61.3253580782418
-60.4044719770614	-61.3079551976487
-61.1497100917436	-61.2598047764986
-62.0163574331835	-61.4028216772579
-62.2837701207355	-61.4704802643644
-63.434948822922	-61.8325776756495
-64.4036257378558	-62.0559207240471
-65.5947150311561	-62.2356780008907
-65.7367069886834	-62.2656200950213
-65.9579777901184	-62.3914283207108
-66.1012083638414	-62.4209683773081
-66.5953104489677	-62.4418773072046
-66.8840277124547	-62.4993215256483
-67.2584364679562	-62.6513766467656
-67.2821727118318	-62.8138176115468
-67.5154694738066	-62.9370698585579
-67.541077829538	-63.0996487232788
-67.7781887746114	-63.2225565672191
-67.9280458215387	-63.2500602212969
-68.8925023080266	-63.3433185715905
-69.7671193201775	-63.3355586721306
-71.8243063285794	-63.5788937558159
-73.0793544630301	-63.7551830726554
-74.6277720486543	-64.028885445932
-74.9501365379273	-64.0672926870107
-75.8014459761368	-64.0888717006115
-76.2890661919109	-64.1418373039164
-78.0590090966974	-64.3921684880283
-79.3277798032594	-64.6509942091916
-80.9914962579748	-64.848745485215
-81.2802534937627	-65.0165005266101
-81.943955053348	-65.1320669759187
-82.2427499499566	-65.2979258268498
-83.4450720960971	-65.4350586110061
-84.3246441148308	-65.4742510616414
-85.3978785309757	-65.4405072791905
-85.5741659635502	-65.4462979729907
-88.5767951533669	-65.5836790981143
-91.4320961841646	-65.7309023090526
-95.3725163745387	-65.7082495467463
-96.4790182158717	-65.8091612151666
-97.9269266826896	-65.8083529800051
-98.3343645173578	-65.9334104446252
-99.2544068652959	-65.9499071567964
-99.8502564537083	-66.0586127660943
-101.664920369791	-65.9934167341141
-102.981029934331	-66.0273313385842
-104.954646765153	-65.9031218679671
-105.746711722841	-65.967230663047
-106.664655780898	-65.9351524594029
-106.837472625676	-65.9139094778079
-107.47160909332	-65.7565733120193
-107.982920493402	-65.6892945685776
-109.054643020443	-65.6187892663776
-109.677857521205	-65.6844723014435
-110.409882833804	-65.6526950354843
-110.702903358828	-65.764752965736
-111.10190274872	-65.7810062145611
-111.399810132082	-65.8916441995778
-111.801409486352	-65.9059052515402
-111.968647130249	-65.8784350371588
-112.729732079945	-65.670241363959
-113.385221057214	-65.5549011730989
-114.268111507917	-65.4735688545323
-114.576413320604	-65.5771664856267
-114.973910905883	-65.5823078603269
-115.134940431249	-65.5511354414542
-115.379790358456	-65.4217831501676
-115.53920332486	-65.390158652764
-116.092194406574	-65.3602762695097
-116.565051177078	-65.4268881459254
-117.11747270419	-65.3928772496313
-117.436703945483	-65.48994769319
-117.832800642373	-65.4868757276307
-118.156191448273	-65.5823078603269
-118.553689033552	-65.5771664856267
-118.709660768075	-65.5418950323579
-118.934559241333	-65.406475284936
-119.088851422861	-65.3707983826548
-119.788468796722	-65.2902571778389
-120.420970648452	-65.3068383465126
-121.263731694377	-65.1814920555426
-121.745287422355	-65.230015832929
-122.724770838006	-65.0569640219728
-123.497315420468	-65.0195076719066
-124.312823213186	-64.8756211227847
-124.651315912005	-64.9551100953526
-125.176068276584	-64.8892371854752
-125.658385014053	-64.9238128204579
-126.457210092324	-64.7671004803918
-127.076120316856	-64.752898210712
-128.128569147521	-64.4976931618412
-128.871719556015	-64.4298923658343
-130.148014706915	-64.0669723600617
-130.99817341989	-63.9401553386369
-132.097021138122	-63.6069262383961
-132.681598958969	-63.567084239943
-133.389699397501	-63.3712755914914
-133.84963693867	-63.3762492375003
-134.312483645361	-63.2763579643892
-134.65554054577	-63.3293526089034
-135.454718861693	-63.0710932423851
-136.242908698283	-62.9111487668319
-137.013475495391	-62.6435398407144
-137.121096396661	-62.5902577316226
-137.219655553198	-62.4341090003862
-137.326016050499	-62.3806955084327
-137.862405226112	-62.2150465748894
-138.405139176578	-62.149715312954
-139.232390061558	-61.8151015414821
-139.862226541762	-61.6884838098837
-140.465695366893	-61.4567040786781
-140.795886382292	-61.4925957375975
-141.198837313506	-61.369348046726
-141.622666595381	-61.3464862986774
-142.019741723204	-61.2205563069039
-142.348981235259	-61.2521208124063
-142.650650955359	-61.1813701539835
-142.980113745169	-61.2111800456439
-143.634505817991	-60.9065456386991
-144.308255649084	-60.6994810713287
-144.936389943428	-60.3883523904925
-145.258751724476	-60.4117257371193
-145.543883956634	-60.3339902174817
-145.866100806162	-60.3556661135692
-146.148989696442	-60.2764611789712
-146.470988352041	-60.2964444965342
-146.751587058273	-60.2157869888617
-147.073295305193	-60.2340832206096
-147.35155915003	-60.1519903716425
-147.795194535991	-60.2070531610862
-148.193719207186	-60.161249983098
-148.639052052372	-60.2130573435413
-148.762816660899	-60.2504791574975
-149.061252536401	-60.4238334138452
-149.312063470587	-60.4977063423746
-149.891340864193	-60.5814894456857
-150.14570614443	-60.6536064706367
-150.844446985347	-60.9298466820588
-151.425395009901	-61.1676602226238
-152.016357433183	-61.4028216772579
-152.347614995443	-61.5682838755353
-152.617466422262	-61.6352454987257
-153.640554804646	-61.7999657119431
-154.331199582206	-61.9590714012869
-155.105312264997	-62.2108040249403
-155.246620075588	-62.2413078256262
-155.594715031156	-62.2356780008907
-155.736706988683	-62.2656200950213
-155.957977790118	-62.3914283207108
-156.101208363841	-62.4209683773081
-156.884027712455	-62.4993215256483
-157.5856687244	-62.4777637631478
-158.520802645849	-62.5734249026115
-158.92861955221	-62.490636198465
-160.912279129583	-62.7471337547878
-162.674513853582	-62.8590876141681
-165.027124233213	-63.0931976791045
-165.73021524592	-63.0257214638566
-166.860758072637	-63.0757989277008
-167.401679701948	-62.9823730014884
-168.532748372967	-63.017453603024
-169.163054410763	-63.0738551609404
-170.404617697897	-63.2491326054147
-171.044235003073	-63.2961781493449
-172.030389605679	-63.2884338897344
-172.351749068914	-63.3082643201641
-173.623773177387	-63.4520212107238
-174.746197248738	-63.5764895615838
-175.879182049246	-63.6911228104273
-177.187151439789	-63.79946639884
-178.344513460881	-63.8194216864625
-179.015875698575	-63.7102548569856
-179.596854774777	-63.7569871658745
-179.984687878667	-63.7598746486846
179.958744898984	-63.7669987468846
179.321695958444	-63.7915878785489
179.009393595022	-63.7530764621557
178.021454754686	-63.6988784668785
177.53894534947	-63.5871535393751
175.914383220025	-63.4725115830946
175.775596782916	-63.3215973483876
175.142342815455	-63.2257482182284
174.689175560128	-63.061071224784
172.321036192631	-62.8649679264016
170.433314010286	-62.7339202900122
167.300415510403	-62.5241970011487
165.887616006113	-62.4431722702704
164.484260683419	-62.3461446605431
163.241041582819	-62.2543503768013
162.006912182026	-62.1501089376945
160.782904823021	-62.0335816408217
160.439830420036	-62.0538623134724
160.096250462692	-62.0731790617613
159.752188595358	-62.091529566419
159.40766866778	-62.1089116183849
159.152468432766	-62.2190924935766
158.805943518458	-62.2347892016411
158.547065362302	-62.3437636776476
158.053464736084	-62.3306724944845
157.560385441513	-62.315606641225
157.06789956241	-62.2985698353049
156.719382656905	-62.3083744271004
156.451421654142	-62.4129083833786
156.101208363841	-62.4209683773081
155.957977790118	-62.3914283207108
155.594715031156	-62.2356780008907
155.311687596582	-62.1753143017694
154.264262862315	-62.0244755696855
153.366166407569	-61.8974462808988
152.334564958696	-61.8924801886767
151.845726915791	-62.01693872806
151.414402896811	-62.238048292798
151.066400535197	-62.2318267746346
150.77844178414	-62.3235348586747
150.429505048449	-62.3155075550774
150.13846644582	-62.4057462215461
149.788677614165	-62.3959017453583
149.439160732628	-62.3850675552918
149.089941464869	-62.3732449940113
148.741045342423	-62.3604355243255
148.443920984885	-62.4466590577563
148.094406147354	-62.4320179640135
147.745289473133	-62.4163907638576
147.396596159747	-62.3997793892956
147.048351218223	-62.3821858893315
146.745633425288	-62.4643000297519
146.397008059737	-62.4448657892866
146.048905671655	-62.424451930589
145.701350723899	-62.4030609630562
145.354367441321	-62.3806955084327
144.956396849352	-62.5182005403281
144.517290959482	-62.5530010037805
144.077053800929	-62.5862488367485
143.635733172654	-62.617937507037
143.193377623311	-62.6480607599474
142.780354437133	-62.7786336584058
142.431407971173	-62.7480418202195
142.083285999753	-62.7164817096635
141.736011214119	-62.6839572008838
141.389605946261	-62.6504722681632
141.067710629076	-62.7183963035419
140.721738007912	-62.6830515823969
140.376705428051	-62.6467546283784
140.032633984423	-62.6095098219654
139.689544377346	-62.5713216345291
139.364406778121	-62.6348018315835
139.02199017702	-62.594768544663
138.68062217303	-62.5538016115638
138.340322079699	-62.5119058769477
138.001108788586	-62.4690862662515
137.663000766067	-62.4253477833869
137.219655553198	-62.4341090003862
136.776044253359	-62.4412796555844
136.228376234881	-62.6022884647126
135.781765238433	-62.605898869675
135.33637057491	-62.7108395938217
135	-62.659819172102
134.66362942509	-62.7108395938217
134.32859581715	-62.6580098072636
133.876697285925	-62.7577300145333
133.427569572327	-62.7528854228612
132.853825207137	-62.8989604416314
132.402564019148	-62.8904323528831
131.939575192711	-62.9831882367185
131.606988930911	-62.923038441435
131.26123503232	-62.9648522574044
130.93047753969	-62.9029209577405
130.462227492093	-62.9902208109188
130.010637430358	-62.9731016839671
129.538124153686	-63.0569818319659
129.210471573611	-62.9905266226092
128.884496433715	-62.9232417357752
128.560206825497	-62.8551344328013
128.139402422595	-62.7289797386455
127.722638451831	-62.6014862268052
127.309900467814	-62.4726765725729
126.995271142707	-62.4006743193653
126.650254441069	-62.4296284318753
126.337947746774	-62.355968714412
125.992830113859	-62.3830801623692
125.682913930874	-62.3077800954295
125.374751843876	-62.2317280333505
125.068346680291	-62.1549313624582
124.763700833445	-62.0773974622124
124.460816271372	-61.9991337032937
124.159694545669	-61.9201474457452
123.860336800412	-61.8404460371669
123.562743781092	-61.7600368109642
123.139163546761	-61.718626494039
122.716894556364	-61.6757423412244
122.248435113483	-61.7313903958396
121.956923298991	-61.6470983349357
121.617491050107	-61.6618501405766
121.328692867804	-61.5760674013658
120.989835628822	-61.5890454504836
120.70379561397	-61.501792454791
120.365592641134	-61.5130056218348
120.082352535491	-61.4243031419168
119.613426117376	-61.4696190260687
119.201365508413	-61.4145625499904
118.598366846492	-61.491159062166
118.188110053298	-61.4326143481242
117.582029207797	-61.5040921733727
117.173838201597	-61.4420753513201
116.565051177078	-61.5084047274549
116.15918467533	-61.4429356233632
115.755270760167	-61.3761153893936
115.353335229616	-61.3079551976487
114.953402850836	-61.2384663402613
114.481264811726	-61.2635053171115
114.220918703008	-61.1615168596184
113.962488974578	-61.0590063930741
113.705964944157	-60.9559810567785
113.451335780817	-60.852447928725
113.198590513648	-60.7484140253743
112.812245866728	-60.6719462138098
112.428014522302	-60.5942335020208
111.82869318882	-60.636112883468
111.447736327105	-60.5551906893078
110.847930093895	-60.5920166787762
110.470452544215	-60.5079223014021
110.008104678915	-60.5151035710111
109.771454235669	-60.4040238841615
109.17301787638	-60.4321837674499
108.665051118019	-60.3659160663644
108.066492297584	-60.3883523904925
107.838617166997	-60.2734513653312
107.518294566537	-60.2485657497603
107.293749567335	-60.1326650373377
106.699244233994	-60.1479970748684
106.283361534176	-60.2093273048591
105.765535307347	-60.358136702886
105.625422797269	-60.3776354074353
105.165773608046	-60.3655499248019
104.809988417379	-60.2636035742275
104.212104731235	-60.266065161928
103.861027563021	-60.161249983098
103.405875241137	-60.142189767306
103.199359161124	-60.0186465785713
102.994616791916	-59.8948030431762
102.791630542388	-59.7706647472005
102.590382945535	-59.6462372037857
102.282838607855	-59.6070275694767
102.084900586569	-59.4817989288412
101.888658039628	-59.356297694549
101.144973871706	-59.2873255375716
100.404904484514	-59.2134620043073
99.1400512341329	-59.2523388904113
98.586237725752	-59.2965404360647
97.6318907415423	-59.4384260741656
97.2124907534772	-59.466243422455
96.6357687628895	-59.4296014572825
96.4958018454176	-59.4378082524491
96.0904024641004	-59.5327738031824
95.8091119440147	-59.5476605557253
94.6697335109144	-59.5286106019407
93.8047081874042	-59.4172520758284
92.8132544469194	-59.3746040847078
92.6728010589495	-59.3780379813962
92.3976837658076	-59.4560843949844
92.2567939264511	-59.4589991835647
91.1260619618225	-59.4042034552153
90.1407755877591	-59.4097571270929
88.3070215623711	-59.4688942638184
87.4614554016012	-59.4529933135315
86.4850195034321	-59.3548020739292
86.3626199165051	-59.207163150945
86.241444314528	-59.0594926958217
86.1214754971523	-58.9117933382261
86.0026965625924	-58.7640676653558
85.6012946450045	-58.6770148133552
85.3498151501137	-58.5231930037414
84.9535581403143	-58.4338785428098
84.8423856810175	-58.2852697876812
84.7323028719558	-58.1366543485462
84.4896942528513	-57.9812722444451
84.2495535560273	-57.8254671675552
83.8655900560761	-57.7325195386189
83.7622003984943	-57.5833389677396
83.2516009558305	-57.4804952594103
82.8912701144211	-57.3136515848432
81.869897645844	-57.1679110267059
81.2240788518695	-57.1157338244969
80.3018057806657	-57.1060375634433
79.9996040210839	-57.2216498134238
79.4608162713718	-57.2408856505552
79.1541996018373	-57.3541442468188
78.0978176411347	-57.3116977482846
77.2715065389285	-57.3596076876898
76.3459350519099	-57.315279890471
76.155594362684	-57.436458204979
75.8677301758717	-57.4710760523315
75.6745486598539	-57.5914815637742
75.3847060444159	-57.6248180373073
75.1886636210752	-57.7444305231899
74.8968591355061	-57.7764676975174
74.6979367933028	-57.895266725615
74.4041886533467	-57.9259867131904
74.1656781690029	-58.1125673690842
73.7019620308352	-58.1904466329048
73.326781555501	-58.3552781158146
72.8972710309476	-58.3613745999653
72.6866626026835	-58.4767115745812
72.385356699993	-58.5019852186558
72.1717916679418	-58.6164037325152
71.6083586363385	-58.5954622015936
71.1310005449386	-58.6624484907775
70.567572152596	-58.6361639566363
70.2997750940465	-58.8144228092341
69.8161051325238	-58.8757548936365
69.411428085351	-59.0272446291296
68.9724621301804	-59.0178645770675
68.7422756722532	-59.1256789070565
68.3021058111609	-59.1136483181744
67.9391005327917	-59.1932586163404
67.2407295374798	-59.1228887076633
66.7464055549164	-59.1707997842143
66.1790516947927	-59.122016831986
65.9380886025069	-59.2239635049571
65.4982057686948	-59.2008658316826
65.1270016620796	-59.2712731447299
64.6871161981259	-59.2449793161736
64.4400348281762	-59.3437195903476
63.8737481832021	-59.2832018391636
63.3721933392405	-59.3161220481274
62.8087903693868	-59.2502359409559
62.5554774259112	-59.344774859713
61.8698797373297	-59.2410375493772
61.2443749588838	-59.2305291101735
60.3241081694312	-59.0481882721504
59.8236827346252	-59.0651467555914
59.2741813838034	-58.9816789189388
59.0123801708835	-59.0679307455459
58.5836043147107	-59.0178645770675
58.2010871757056	-59.0647987778586
57.6564624095787	-58.9733555407698
57.1978687464635	-59.0773289187674
56.6960167887651	-59.0802012623601
56.348724465055	-59.2200249422385
55.9228047198693	-59.1597086435422
55.45541471881	-59.2565453030198
54.8361617053875	-59.2103123858038
54.28260977352	-59.3608730729656
53.7763735856256	-59.3505796135457
53.4123452904268	-59.4812684724655
52.9893267663969	-59.4097571270929
52.5946433685914	-59.4372787027869
52.1743242364823	-59.3627210522397
51.8031333335031	-59.4881652595043
51.4063786007738	-59.5115219767968
51.0300088082815	-59.6344946920903
50.6110522725441	-59.5540432368001
50.2125547469002	-59.573200812252
49.6891563917052	-59.4433691821355
49.2916391537779	-59.4592641807288
48.8802056677049	-59.3724911449997
48.5887629603801	-59.4330426978412
48.2846763681199	-59.3915138447458
47.8973143049666	-59.5038225306174
47.4982314707836	-59.5133808096444
47.1062510078207	-59.6230242544231
46.6993762965253	-59.5282563181118
46.2996812838977	-59.5335710889537
45.8967302800581	-59.4359548763177
45.5988887754712	-59.4886958582567
45.2989317894025	-59.439132174296
45	-59.4902877202529
44.7010682105975	-59.439132174296
44.3000863762891	-59.5388869603348
43.8023532853916	-59.4839208638356
43.3006237034747	-59.5282563181118
42.9083881135434	-59.4200742691694
42.605752233508	-59.4648297521441
42.3115642473215	-59.4073768352943
42.008169254031	-59.450520715844
41.7153236318801	-59.3915138447458
41.4112370396199	-59.4330426978412
41.0275040592493	-59.3184060738198
40.6317225654116	-59.3036513209813
40.2527660349173	-59.1864402560461
39.9488550186739	-59.2239635049571
39.6626000115573	-59.1597086435422
39.3582364941563	-59.1956192368222
39.0735676182147	-59.1298647697946
38.7688183575516	-59.1641619950578
38.4857897170003	-59.0969193948402
38.1807213015442	-59.1296031335534
37.8993856000117	-59.0608843500305
37.5940643654035	-59.0919550738212
37.3144728516184	-59.0217725202048
36.8977516929998	-59.0943064757816
36.5081515377522	-59.0650597607205
36.0888935255772	-59.1345746741694
35.7313529287234	-59.0024990383307
35.2309408490259	-59.010571323346
34.7651972365768	-58.9167233355336
34.2294873064869	-59.0199487402003
33.7668714739623	-58.9219138157707
33.2676532125376	-58.9211351777165
32.9256595201211	-58.7803256254929
32.5029585671241	-58.8361442530347
32.1222833866288	-58.7916864019484
31.3441378614582	-58.9567167774293
30.7258186161966	-58.9816789189388
29.8141627377987	-59.172634210439
29.312141946074	-59.1540339137567
28.7556250411162	-59.2305291101735
28.4991410193356	-59.1390237038637
28.1873737645758	-59.1439970535816
27.9334197829418	-59.0512312862891
27.4991387310472	-59.0877753302765
27.1243197652779	-59.0262022337277
26.6894717839211	-59.0595796720223
26.4410345319804	-58.963474990471
26.1310005449386	-58.9626951069783
25.8851978915782	-58.8653933543636
25.8249961519389	-58.8009852639738
25.7099537808113	-58.5122888690048
25.5333531070802	-58.3190670092065
25.0088088472078	-57.8980125957376
24.5429871411046	-57.69904839267
23.9890640095524	-57.2097256260317
23.7780045814972	-56.9501640169493
23.6367261696973	-56.5972806585356
23.8197041377099	-56.4755316191075
23.8333282837344	-56.3175704782184
23.7820304232214	-56.2529022342686
23.5641618721864	-56.151855254815
23.2816518928526	-56.1431979983142
23.0168046873301	-55.9762028612058
22.6874762545861	-55.9009667496841
22.4276946825153	-55.7326619520625
21.8014094863518	-55.8000457545881
21.2440299443768	-55.772333905946
20.6147048146635	-55.8324114004629
20.409882833804	-55.7250569721915
20.015121295722	-55.7319705038905
19.695725308089	-55.647283571621
19.3018064364934	-55.6514198503101
19.0619637860284	-55.4750278364466
18.513221697061	-55.4324343072628
18.045187627604	-55.2982353564963
17.5379472823588	-55.3172265353368
17.3101254395037	-55.1370668781684
17.0038192156676	-55.0442726150589
16.780795715439	-54.8631754254874
16.3964029258708	-54.8560272662538
16.0952973076287	-54.7605950176347
15.712284454489	-54.7508025601306
15.530577059193	-54.6346659567402
15.2657035504365	-54.6043228908566
15.0863540084651	-54.4874640683635
14.823063813699	-54.4559574685126
14.6460589450374	-54.3383934056209
14.3843654393464	-54.3057379868678
14.2096913119945	-54.1874855133312
13.9496067705796	-54.1536960199696
13.7772487399491	-54.0347718111647
13.2880739067094	-54.0322407486189
12.8881851257657	-53.9436508144242
11.9374879240566	-53.9955294968952
11.623401696252	-53.9628147211315