# depth_[cm]	time_[kyBP]	MLR_POC_flux_[mol/m2/y]	MLR_PIC:POC_[mol:mol]	PLSR_POC_flux_[mol/m2/y]	PLSR_PIC:POC_[mol:mol]	GBR_POC_flux_[mol/m2/y]	GBR_PIC:POC_[mol:mol]
0.006	0.972	0.223	0.501	0.281	0.492	0.158	0.464
0.017	1.000	0.129	0.587	0.197	0.540	0.172	0.693
0.029	1.032	0.176	0.595	0.223	0.490	0.216	0.550
0.040	1.061	0.207	0.645	0.161	0.441	0.190	0.889
0.052	1.093	0.181	0.725	0.112	0.629	0.163	0.527
0.063	1.129	0.174	0.611	0.162	0.491	0.196	0.676
0.075	1.171	0.182	0.663	0.181	0.517	0.170	0.463
0.086	1.210	0.392	-0.198	0.217	0.130	0.266	0.544
0.098	1.251	0.274	0.226	0.232	0.389	0.293	0.419
0.109	1.299	0.184	0.766	0.216	0.660	0.187	0.537
0.121	1.360	0.266	0.356	0.252	0.452	0.255	0.620
0.132	1.414	0.152	0.756	0.169	0.751	0.265	0.706
0.144	1.469	0.208	0.663	0.400	0.391	0.341	0.561
0.155	1.518	0.262	0.268	0.191	0.467	0.250	0.419
0.167	1.571	0.100	0.845	0.107	0.898	0.054	0.629
0.178	1.621	0.177	0.723	0.164	0.678	0.185	0.644
0.190	1.671	0.119	0.837	0.074	0.738	0.043	0.862
0.201	1.717	0.122	0.856	0.124	0.816	0.196	0.962
0.213	1.769	0.159	0.720	0.122	0.653	0.194	0.527
0.224	1.822	0.185	0.734	0.176	0.722	0.291	0.676
0.236	1.879	0.138	0.764	0.135	0.684	0.088	0.854
0.247	1.926	0.181	0.571	0.211	0.453	0.277	0.666
0.259	1.975	0.155	0.469	0.208	0.367	0.209	0.557
0.270	2.021	0.210	0.463	0.200	0.400	0.260	0.604
0.282	2.075	0.290	0.199	0.245	0.339	0.319	0.419
0.293	2.125	0.226	0.624	0.280	0.590	0.289	0.706
0.305	2.174	0.291	0.266	0.388	0.269	0.324	0.536
0.316	2.217	0.224	0.464	0.325	0.307	0.281	0.614
0.328	2.263	0.349	0.042	0.281	0.176	0.296	0.429
0.339	2.303	0.131	0.590	0.194	0.560	0.180	0.678
0.351	2.344	0.182	0.482	0.201	0.454	0.227	0.698
0.362	2.390	0.275	0.290	0.190	0.512	0.312	0.608
0.369	2.418	0.112	0.879	0.098	0.841	0.045	0.885
0.376	2.447	0.151	0.763	0.128	0.664	0.117	0.561
0.387	2.491	0.169	0.697	0.166	0.609	0.254	0.867
0.398	2.534	0.173	0.809	0.158	0.741	0.184	0.567
0.410	2.580	0.341	0.227	0.214	0.383	0.327	0.608
0.421	2.625	0.224	0.546	0.198	0.468	0.277	0.602
0.432	2.670	0.198	0.734	0.167	0.638	0.268	0.638
0.444	2.718	0.167	0.683	0.122	0.644	0.146	0.589
0.455	2.761	0.155	0.662	0.002	0.623	0.057	0.549
0.466	2.800	0.167	0.660	0.158	0.619	0.202	0.537
0.478	2.844	0.177	0.641	0.205	0.557	0.285	0.604
0.489	2.888	0.207	0.423	0.309	0.230	0.256	0.683
0.500	2.934	0.194	0.643	0.207	0.590	0.250	0.580
0.512	3.000	0.153	0.628	0.155	0.619	0.087	0.535
0.523	3.066	0.140	0.597	0.184	0.524	0.168	0.604
0.534	3.127	0.311	0.328	0.161	0.509	0.207	0.531
0.546	3.190	0.247	0.491	0.236	0.441	0.285	0.602
0.557	3.246	0.239	0.527	0.209	0.451	0.250	0.580
0.568	3.305	0.214	0.582	0.174	0.514	0.213	0.602
0.580	3.370	0.174	0.660	0.214	0.442	0.097	0.539
0.591	3.432	0.187	0.617	0.155	0.612	0.212	0.676
0.602	3.493	0.171	0.773	0.135	0.673	0.175	0.853
0.614	3.563	0.312	0.280	0.235	0.562	0.305	0.768
0.625	3.624	0.262	0.396	0.181	0.582	0.136	0.507
0.637	3.688	0.105	0.691	0.149	0.702	0.091	0.751
0.648	3.743	0.297	0.391	0.293	0.450	0.343	0.516
0.659	3.803	0.129	0.711	0.102	0.694	0.046	0.567
0.671	3.870	0.128	0.717	0.120	0.736	0.112	0.636
0.682	3.935	0.154	0.713	0.180	0.653	0.101	0.710
0.693	3.996	0.205	0.515	0.225	0.543	0.152	0.742
0.705	4.059	0.314	0.232	0.124	0.385	0.312	0.377
0.716	4.120	0.152	0.870	0.124	0.861	0.172	0.898
0.727	4.182	0.110	0.795	0.156	0.764	0.221	0.962
0.739	4.252	0.133	0.632	0.135	0.557	0.168	0.604
0.750	4.311	0.268	0.298	0.170	0.503	0.210	0.383
0.761	4.380	0.192	0.765	0.454	0.451	0.398	0.949
0.773	4.455	0.096	0.745	0.098	0.777	0.049	0.644
0.784	4.519	0.252	0.399	0.145	0.664	0.089	0.571
0.795	4.583	0.316	0.847	0.620	0.497	0.405	0.622
0.807	4.656	0.123	0.746	0.209	0.669	0.133	0.732
0.818	4.728	0.123	0.832	0.115	0.838	0.094	0.854
0.829	4.799	0.162	0.605	0.250	0.704	0.147	0.715
0.841	4.871	0.151	0.879	0.161	0.836	0.147	0.632
0.852	4.937	0.104	0.705	0.129	0.776	0.057	0.603
0.863	4.999	0.286	0.486	0.282	0.490	0.260	0.376
0.875	5.072	0.095	0.709	0.132	0.698	0.078	0.669
0.886	5.143	0.317	0.580	0.355	0.477	0.283	0.673
0.897	5.214	0.130	0.650	0.180	0.645	0.171	0.676
0.909	5.273	0.143	0.904	0.122	0.958	0.160	0.960
0.920	5.322	0.117	0.926	0.141	0.879	0.115	0.705
0.931	5.370	0.086	0.857	0.193	0.809	0.090	0.626
0.943	5.419	0.064	0.706	0.119	0.753	0.085	0.661
0.954	5.462	0.111	0.770	0.098	0.871	0.054	0.644
0.965	5.506	0.111	0.904	0.034	0.852	0.102	0.636
0.977	5.551	0.188	0.603	0.177	0.553	0.204	0.589
0.988	5.592	0.105	0.717	0.104	0.773	0.054	0.632
0.999	5.631	0.146	0.486	0.163	0.424	0.168	0.592
1.011	5.679	0.137	0.716	0.199	0.758	0.123	0.707
1.022	5.721	0.341	0.310	0.138	0.474	0.199	0.342
1.033	5.765	0.105	0.738	0.084	0.721	0.028	0.541
1.045	5.811	0.084	0.751	0.109	0.787	0.095	0.719
1.056	5.854	0.143	0.440	0.166	0.420	0.180	0.655
1.067	5.901	0.222	0.272	0.159	0.556	0.106	0.533
1.079	5.926	0.157	0.821	0.091	0.750	0.144	0.821
1.090	5.954	0.094	0.670	0.133	0.738	0.082	0.625
1.101	6.004	0.126	0.747	0.100	0.775	0.076	0.629
1.113	6.052	0.244	0.602	0.245	0.632	0.198	0.450
1.124	6.112	0.125	0.598	0.124	0.583	0.074	0.563
1.136	6.170	0.162	0.441	0.089	0.381	0.061	0.670
1.147	6.231	0.160	0.648	0.066	0.640	0.156	0.625
1.158	6.284	0.122	0.699	0.152	0.771	0.076	0.684
1.170	6.333	0.120	0.689	0.158	0.680	0.096	0.573
1.181	6.388	0.114	0.707	0.136	0.727	0.084	0.632
1.192	6.437	0.116	0.846	0.180	0.831	0.115	0.655
1.204	6.487	0.191	0.418	0.256	0.381	0.281	0.612
1.215	6.543	0.146	0.551	0.233	0.582	0.180	0.676
1.226	6.601	0.208	0.416	0.267	0.482	0.160	0.430
1.238	6.660	0.241	0.407	0.243	0.300	0.276	0.540
1.249	6.719	0.105	0.679	0.119	0.661	0.096	0.620
1.260	6.769	0.237	0.493	0.301	0.493	0.330	0.494
1.272	6.833	0.130	0.749	0.195	0.690	0.145	0.573
1.283	6.904	0.110	0.742	0.083	0.719	0.052	0.608
1.294	6.966	0.034	0.761	0.075	0.781	0.049	0.630
1.306	7.023	0.100	0.794	0.148	0.812	0.164	0.795
1.317	7.086	0.208	0.368	0.281	0.366	0.168	0.438
1.328	7.145	0.126	0.740	0.095	0.762	0.062	0.629
1.340	7.209	0.100	0.703	0.111	0.727	0.117	0.647
1.351	7.273	0.223	0.414	0.168	0.667	0.126	0.583
1.362	7.333	0.124	0.654	0.198	0.571	0.144	0.510
1.369	7.396	0.153	0.641	0.031	0.735	0.060	0.601
1.376	7.437	0.122	0.780	0.144	0.814	0.083	0.741
1.387	7.480	0.159	0.478	0.220	0.501	0.222	0.706
1.398	7.542	0.149	0.519	0.207	0.474	0.218	0.678
1.410	7.603	0.061	0.831	0.047	0.909	0.049	0.630
1.421	7.671	0.108	0.743	0.134	0.765	0.164	0.747
1.433	7.735	0.087	0.736	0.099	0.736	0.104	0.601
1.444	7.805	0.105	0.833	0.071	0.903	0.063	0.655
1.455	7.871	0.104	0.861	0.111	0.930	0.054	0.629
1.467	7.929	0.131	0.633	0.079	0.777	0.172	0.722
1.478	7.982	0.119	0.637	0.122	0.657	0.082	0.616
1.489	8.039	0.133	0.574	0.149	0.579	0.221	0.735
1.501	8.094	0.082	0.767	0.077	0.861	0.063	0.658
1.512	8.157	0.102	0.807	0.120	0.892	0.054	0.759
1.523	8.219	0.180	0.497	0.158	0.431	0.276	0.666
1.535	8.282	0.149	0.585	0.114	0.593	0.177	0.589
1.546	8.347	0.156	0.724	0.184	0.648	0.157	0.556
1.558	8.401	0.112	0.683	0.155	0.628	0.132	0.568
1.569	8.468	0.131	0.623	0.195	0.700	0.172	0.700
1.580	8.530	0.146	0.697	0.148	0.763	0.123	0.580
1.592	8.593	0.160	0.666	0.063	0.650	0.154	0.589
1.603	8.663	0.091	0.802	0.115	0.883	0.081	0.644
1.614	8.725	0.122	0.684	0.096	0.676	0.084	0.625
1.626	8.787	0.074	0.728	0.177	0.725	0.102	0.644
1.637	8.857	0.040	0.705	0.077	0.738	0.070	0.644
1.648	8.921	0.093	0.742	0.146	0.664	0.100	0.563
1.660	8.982	0.108	0.584	0.126	0.549	0.073	0.619
1.671	9.052	0.122	0.548	0.135	0.448	0.058	0.563
1.683	9.118	0.111	0.754	0.124	0.752	0.124	0.625
1.694	9.189	0.113	0.661	0.102	0.572	0.074	0.601
1.705	9.255	0.107	0.726	0.108	0.715	0.110	0.601
1.717	9.317	0.125	0.811	0.126	0.789	0.127	0.679
1.728	9.383	0.078	0.789	0.078	0.810	0.074	0.625
1.739	9.451	0.083	0.702	0.078	0.641	0.059	0.510
1.751	9.518	0.120	0.829	0.068	0.842	0.080	0.688
1.762	9.591	0.068	0.912	0.054	0.961	0.067	0.913
1.773	9.649	0.120	0.868	0.116	0.757	0.098	0.904
1.785	9.707	0.076	0.980	0.168	0.978	0.121	0.917
1.796	9.776	0.103	0.911	0.145	0.975	0.091	0.879
1.808	9.841	0.055	0.869	0.129	0.916	0.067	0.678
1.819	9.919	0.098	0.797	0.134	0.829	0.055	0.678
1.830	9.998	0.050	0.884	0.069	0.893	0.099	0.969
1.842	10.078	0.080	0.967	0.091	1.088	0.075	1.033
1.853	10.160	0.074	0.821	0.113	0.833	0.103	0.898
1.864	10.236	0.042	0.797	0.092	0.858	0.063	0.665
1.876	10.332	0.114	0.761	0.158	0.904	0.080	0.711
1.887	10.434	0.183	0.550	0.156	0.657	0.139	0.452
1.898	10.521	0.090	0.789	0.100	0.868	0.063	0.644
1.910	10.608	0.085	0.911	0.078	0.999	0.055	0.932
1.921	10.708	0.040	0.847	0.048	0.914	0.063	0.644
1.933	10.810	0.089	0.888	0.040	1.005	0.061	0.958
1.944	10.924	0.089	0.794	0.093	0.851	0.074	0.735
1.955	11.021	0.153	0.635	0.159	0.725	0.115	0.549
1.967	11.115	0.106	0.797	0.088	0.726	0.067	0.898
1.978	11.235	0.140	0.971	0.169	0.893	0.147	0.980
1.989	11.345	0.111	0.856	0.144	0.855	0.104	0.678
2.001	11.450	0.109	0.851	0.071	0.801	0.103	0.822
2.012	11.563	0.162	0.823	0.057	0.870	0.167	0.629
2.023	11.663	0.074	0.850	0.025	0.860	0.055	0.851
2.035	11.765	0.152	0.769	0.111	0.800	0.207	0.589
2.046	11.878	0.163	0.869	0.109	0.853	0.168	0.885
2.058	11.982	0.156	0.853	0.073	0.843	0.200	0.813
2.069	12.081	0.038	0.860	0.116	0.978	0.071	0.940
2.080	12.172	0.122	0.890	0.199	0.839	0.134	0.670
2.092	12.272	0.100	0.947	0.173	0.873	0.091	0.917
2.103	12.388	0.105	0.885	0.146	0.873	0.120	0.929
2.114	12.485	0.204	0.571	0.270	0.471	0.273	0.644
2.126	12.559	0.149	0.771	0.203	0.709	0.204	0.699
2.137	12.633	0.205	0.643	0.151	0.557	0.173	0.634
2.148	12.695	0.146	0.700	0.084	0.653	0.101	0.692
2.160	12.755	0.087	0.816	0.097	0.807	0.063	0.678
2.171	12.809	0.146	0.769	0.212	0.640	0.100	0.510
2.183	12.855	0.084	0.867	0.058	0.915	0.071	0.700
2.194	12.903	0.329	0.225	0.197	0.309	0.243	0.531
2.205	12.948	0.144	0.948	0.120	0.849	0.127	0.633
2.217	12.995	0.197	0.833	0.116	0.756	0.229	0.651
2.228	13.052	0.427	0.114	0.246	0.460	0.313	0.531
2.239	13.104	0.303	0.465	0.245	0.612	0.374	0.617
2.251	13.158	0.123	0.936	0.124	0.928	0.108	0.664
2.262	13.212	0.093	0.859	0.117	0.842	0.093	0.582
2.273	13.263	0.382	0.065	0.301	0.436	0.234	0.555
2.285	13.312	0.445	0.055	0.265	0.407	0.289	0.531
2.296	13.367	0.142	0.850	0.088	0.731	0.104	0.527
2.308	13.416	0.239	0.895	0.244	0.655	0.254	0.537
2.319	13.470	0.119	0.785	0.184	0.745	0.111	0.625
2.330	13.523	0.249	0.627	0.246	0.633	0.244	0.418
2.342	13.572	0.150	0.844	0.121	0.817	0.205	0.629
2.353	13.629	0.145	0.833	0.233	0.739	0.198	0.654
2.364	13.679	0.164	1.082	0.164	0.939	0.134	0.885
2.376	13.727	0.196	0.899	0.152	0.765	0.254	0.589
2.387	13.781	0.269	0.486	0.219	0.590	0.238	0.419
2.398	13.832	0.165	0.818	0.148	0.784	0.197	0.629
2.409	13.885	0.161	0.918	0.160	0.797	0.127	0.599
2.420	13.931	0.165	0.724	0.219	0.588	0.112	0.654
2.431	13.980	0.237	0.364	0.230	0.644	0.176	0.608
2.453	14.034	0.157	0.899	0.114	0.688	0.098	0.862
2.464	14.135	0.140	0.775	0.035	0.706	0.093	0.687
2.475	14.188	0.076	1.058	0.138	0.939	0.121	0.917
