Event	Depth sed [m]	A. curvatulus [%]	A. actinochilus [%]	A. hookeri [%]	A. hyalinus [%]	A. parvulus [%]	A. tabularis var. egregius [%]	A. tabularis [%]	A_tabularis_tot	Chaetoceros spp. veg [%]	Chaetoceros spp. rs [%]	Coscinodiscus spp. [%]	E. antarctica rs [%]	Fragilariopsis spp. [%]	F. kerguelensis [%]	F. obliquecostata [%]	F. sublinearis	F_obli_tot	F. ritscheri [%]	F. curta [%]	F. rhombica [%]	F. separanda [%]	F. pseudonana [%]	F. cylindrus [%]	H. cuneiformis [%]	Navicula spp. [%]	N. directa [%]	N. bicapitata [%]	N. sicula var. bicuneata [%]	N. sicula var. rostrata [%]	N_sicula_tot	O. weissflogii [%]	P-n heimii	P-n lineola-turgiduloides gr [%]	R. antennata f semispina [%]	R. bergonii [%]	Rhizosolenia sp. [%] (sp. A)	R. antennata [%]	R_antennata_tot	R. tesselata [%]	S. microtrias [%]	T. nitzschioides [%] (Form 1)	T. nitzschioides var. capitulata [%]	T. nitzschioides var. lanceolata [%]	T_nitzschioides_tot	T. antarctica [%]	T. gracilis var. expecta [%]	T. gracilis [%]	T. gravida [%]	T. lentiginosa [%]	T. oestrupii [%]	T. oliverana [%]	T. trifulta [%]	T. frenguelliopsis [%]	T. tumida [%]	Thalassiosira spp. [%]	P. pseudodenticulata [%]	P. directum [%]	T. antarctica [%]	T. reinboldii [%]	Delphineis spp. [%] (Species questionable)		Unid
PS58/274-1TC	0.03	0	0	0	0	0	0	1.71	1.71	0	1.5	0	0.64	0	76.45	0	0	0	0	0.21	0.21	1.71	0	0	0	0	0	0	0	0	0	0	0	0	0.21	0	0	0	0.21	0	0	0	0	1.28	1.28	0	0	3.21	0	8.99	0.64	0.21	0	0	0	1.07	0	0	1.93	0	0		0
PS58/274-1TC	0.13	0.16	0	0	0	0.33	0	1.14	1.14	0	3.25	0	0.49	0	72.85	0	0	0	0	0.33	0.16	3.41	0	0	0	0.33	0	0	0	0.16	0.16	0	0	0.16	0	0	0	0	0	0	0	0	0.16	1.79		0	0	3.9	0	8.46	0	0.33	0.16	0	0.16	0.33	0	0.16	1.79	0	0		0
PS58/274-1TC	0.23	0.22	0.22	0	0	0.44	0.22	1.98	2.2	0	2.86	0	1.1	0	72.47	0	0	0	0.22	0	0.44	2.64	0	0	0	0.44	0	0	0	0	0	0	0	0	0	0	0	0	0	0	0	0	0.88	2.2		0	0.22	1.76	0	7.71	0.22	1.32	0.22	0	0	0.44	0	0	1.76	0	0		0
PS58/274-1TC	0.33	0.62	0.25	0	0	0.37	0	1.74	1.74	0	1.99	0	0.75	0	74.16	0	0	0	0.25	0.12	0	2.36	0	0	0	0	0	0	0.12	0	0.12	0	0	0	0	0	0	0	0	0	0	0	0.12	0.87		0	0.12	1.61	0	11.3	0.12	0.25	0.5	0	0.25	0.12	0	0	1.99	0	0		0
PS58/274-1	0.01	0	0	0	0	0.51	0	2.89	2.89	0.17	2.04	0	0.85	0	72.16	0	0	0	0	0	0.34	4.58	0	0.17	0	0	0	0	0	0	0	0	0	0	0	0	0	0	0	0	0	0	0	1.87		0	0	1.7	0.17	9.17	0.17	0.17	0.51	0	0	1.02	0	0	1.53	0	0		0
PS58/274-1	0.05	0.15	0.15	0	0	0.6	0	1.64	1.64	0	1.19	0	0.45	0	72.17	0	0	0	0	0.3	0	2.08	0	0	0	0.15	0	0	0	0	0	0	0	0	0	0	0	0	0	0.15	0	0	0.45	2.23		0	0	1.93	0	12.65	0	0.89	0.74	0	0	0.45	0	0	1.64	0	0		0
PS58/274-1	0.15	0.24	0.24	0	0	0	0	2.39	2.39	0	1.91	0	0.96	0.24	68.66	0	0	0	0.24	0	0.24	1.67	0	0	0	0	0	0	0	0	0	0	0	0	0.24	0	0	0	0.24	0	0	0	1.2	1.44		0	0.24	1.91	0	14.83	0	0.72	0.72	0	0	0.48	0	0	1.44	0	0		0
PS58/274-1	0.25	0.16	0.16	0	0	0.33	0	1.63	1.63	0	1.63	0	0.49	0	74.71	0	0	0	0	0.16	0.16	2.12	0	0	0	0	0	0	0	0	0	0	0	0	0.16	0	0	0	0.16	0	0	0	0.49	0.98		0	0	1.79	0	11.91	0	0.98	0.33	0	0	0	0	0	1.63	0.16	0		0
PS58/274-1	0.35	0.4	0	0	0	0.2	0.2	2	2.2	0	1.2	0	0.8	0	76.85	0	0	0	0.2	0	0	2.2	0	0	0	0	0	0	0	0	0	0	0	0	0	0	0	0	0	0	0	0	0.2	1.4		0	0.4	1.4	0	8.38	0	0.4	0.4	0	0	0.8	0	0	2.59	0	0		0
PS58/274-1	0.45	0.17	0	0	0	0.17	0	1.5	1.5	0	4.01	0.17	0.83	0	74.62	0	0	0	0.33	0	0.33	2.5	0	0	0	0.17	0	0	0	0	0	0	0.1669449	0	0.17	0	0	0	0.17	0	0	0	0	0.67		0	0	1.67	0	9.18	0	0.67	0.33	0	0	0.67	0	0	1.67	0	0		0
PS58/274-1	0.55	0	0	0	0	0	0	2.34	2.34	0	5.08	0	0.59	0	73.05	0	0	0	0.2	0.2	0.2	2.54	0	0	0	0	0	0	0	0	0	0	0.1953125	0	0	0	0	0	0	0	0	0	0	1.17		0	0.2	1.76	0.2	8.59	0	0.59	0.39	0	0	0.59	0	0.2	1.95	0	0		0
PS58/274-1	0.65	0.49	0.16	0	0	0.49	0	2.11	2.11	0	1.95	0	0.97	0	73.7	0	0	0	0.16	0	0	0.81	0	0	0	0.16	0	0	0	0	0	0	0.1623377	0	0.32	0	0	0	0.32	0	0	0	0.16	0.81		0	0	1.95	0	10.23	0	0.97	0.32	0	0	1.3	0	0	2.76	0	0		0
PS58/274-1	0.75	0.28	0	0.14	0.14	0.85	0.14	1.55	1.69	0	6.35	0	0.56	0	71.79	0	0	0	0	0	0.28	1.83	0	0	0	0.42	0	0	0	0	0	0	0.1410437	0	0	0	0	0	0	0	0	0.14	0.71	1.13		0	0.14	1.55	0	8.46	0	0.14	0.56	0	0.42	0.28	0	0	1.97	0	0		0
PS58/274-1	0.85	0.25	0	0	0.38	0.13	0	1.02	1.02	0	3.17	0	0.25	0	71.45	0	0	0	0	0	0.25	4.95	0	0	0	0.63	0	0	0.63	0.25	0.88	0	0	0.13	0	0	0	0	0	0	0	0	0	0.25		0	0.25	5.33	0	6.47	0	0.13	0.38	0	0.25	1.02	0	0.13	2.28	0	0		0
PS58/274-1	0.95	0.33	0	0	0.16	0.16	0	1.14	1.14	0	4.4	0	0.98	0	74.92	0	0	0	0.16	0.16	0.16	1.3	0	0	0	0.81	0	0	0	0	0	0	0	0	0.16	0	0	0	0.16	0	0	0	0.16	1.3		0	0	1.3	0	8.79	0	0.16	0.33	0	0.16	0.33	0	0	2.44	0.16	0		0
PS58/274-1	1.05	0	0	0	0	0.38	0.19	1.91	2.1	0	4.58	0	0.57	0	74.24	0	0	0	0	0	0	1.15	0	0	0	0.19	0	0	0	0	0	0	0.1908397	0	0	0	0	0	0	0	0	0	1.34	1.15		0	0	1.53	0	8.97	0	0.19	0.19	0	0	0.95	0	0	2.29	0	0		0
PS58/274-1	1.15	0.46	0.15	0	0	0.46	0.31	1.84	2.15	0	4.61	0	1.38	0	73.73	0	0	0	0	0	0.31	0.92	0	0	0	0.31	0	0.15	0	0	0	0	0	0	0	0	0	0	0	0	0	0	0.77	1.38		0	0	1.38	0	8.76	0	0.15	0.61	0	0	0.46	0	0	1.84	0	0		0
PS58/274-1	1.25	0.14	0.14	0	0	0.14	0	0.97	0.97	0	12.52	0	0.56	0	68.29	0	0	0	0	0	0.56	0.97	0	0	0	0.14	0	0	0.14	0	0.14	0	0	0.14	0	0	0	0	0	0	0	0	0.83	0.83		0	0	1.39	0	9.18	0	0.14	0.7	0	0	0.42	0	0	1.81	0	0		0
PS58/274-1	1.35	0	0.13	0	0	0	0	0.79	0.79	0.26	2.65	0	1.46	0	79.47	0	0	0	0	0.4	0.13	0.53	0	0	0	0.26	0	0	0	0	0	0	0.1324503	0	0	0	0.13	0	0	0	0	0	0.13	0.79		0	0	1.85	0	7.81	0	0.93	0.26	0	0	0.26	0	0	1.59	0	0		0
PS58/274-1	1.45	0.67	0	0	0	0	0.22	0.89	1.11	0	4.92	0	1.79	0	72.26	0	0	0	0	0	0	0.67	0	0	0	0.22	0	0	0	0	0	0	0	0.22	0	0	0	0	0	0.22	0	0	0.22	0.45		0	0	0.67	0	11.63	0	1.12	0.22	0	0	0.45	0	0	3.13	0	0		0
PS58/274-1	1.55	0.38	0	0	0	0	0.19	0.96	1.15	0	10.71	0	0.57	0	66.54	0	0	0	0	0	0.19	0.76	0	0	0	0.19	0	0	0	0	0	0	0.1912046	0.19	0.19	0	0	0	0.19	0	0	0	0.38	0.76		0	0.19	0.96	0	12.05	0.19	0.38	0	0	0	0.57	0	0	3.44	0	0		0
PS58/274-1	1.65	0.34	0	0.17	0	0.51	0	1.53	1.53	0	11.54	0	1.53	0	68.76	0	0	0	0.17	0.34	0.34	1.36	0	0	0	0.34	0	0	0	0.17	0.17	0	0	0	0	0	0	0	0	0	0	0	0.17	0.17		0	0	1.36	0	8.49	0.17	0.17	0.17	0	0.17	0.34	0	0	1.36	0.17	0.17		0.17
PS58/274-1	1.75	0.15	0	0	0	0.44	0	0.88	0.88	0	8.8	0	1.32	0	73.17	0	0	0	0	0.29	0	1.47	0	0	0	1.32	0	0	0	0	0	0	0	0	0	0	0	0	0	0	0	0	0.29	1.03		0	0	1.61	0	6.45	0.15	0.29	0.44	0	0.29	0.15	0	0	1.47	0	0		0
PS58/274-1	1.85	0.23	0.23	0	0.23	0.23	0.69	3.22	3.91	0	5.98	0	0.46	0	67.13	0	0	0	0	0	0	0.69	0	0	0	0.46	0	0	0	0	0	0	0	0	0	0	0	0	0	0	0	0	0.46	0.69		0	0	1.38	0.23	13.33	0	0.23	0.92	0	0	0.23	0	0	2.99	0	0		0
PS58/274-1	1.95	0.48	0.16	0.16	0.16	0	0.16	1.91	2.07	0	22.93	0	3.03	0	55.57	0	0	0	0	0.16	0	1.27	0	0	0	0	0	0	0.16	0	0.16	0	0.1592357	0	0	0	0.16	0	0	0	0	0	0.16	0.32		0	0.16	1.91	0.16	6.85	0	0.48	0.96	0	0	0.32	0	0.32	1.91	0	0		0
PS58/274-1	2.05	0.41	0	0.27	0	0.68	0	2.46	2.46	0	14.32	0	1.5	0	65.62	0	0	0	0.27	0	0.41	1.77	0	0	0	0.27	0	0	0	0	0	0	0.1364256	0	0	0	0	0	0	0	0	0	0	0.14		0	0	1.09	0.14	7.78	0	0.68	0.41	0	0	0	0	0	1.64	0	0		0
PS58/274-1	2.15	0	0.3	0	0	0.15	0	2.07	2.07	0	10.64	0	5.02	0	64.99	0	0	0	0	0	0	2.07	0	0	0	0	0	0	0	0	0	0	0	0	0.15	0	0	0	0.15	0	0	0	0.15	0		0	0	0.44	0.3	9.16	0	0.59	1.18	0	0	0.44	0	0	2.36	0	0		0
PS58/274-1	2.25	0	0.47	0	0	0.24	0	2.13	2.13	0	4.74	0.24	5.45	0.24	62.8	0	0	0	0.24	0.24	0	0.71	0	0	0	0	0	0	0.24	0	0.24	0	0	0	0	0	0.24	0	0	0	0	0	0	0		0	0	0.95	0.71	15.4	0	1.18	0.47	0	0	0.24	0	0.24	2.84	0	0		0
PS58/274-1	2.35	0.17	0.34	0.17	0	0	0	2.4	2.4	0	3.77	0	6.69	0	65.35	0.34	0	0.34	0	0.34	0.34	1.72	0	0	0	0	0	0	0	0	0	0	0	0	0.17	0	0.17	0	0.17	0	0	0	0	0		0	0	1.54	0.34	13.38	0	0.69	0.34	0	0	0.17	0	0	1.54	0	0		0
PS58/274-1	2.45	0.19	0.19	0	0	0.76	0	3.05	3.05	0	6.11	0	5.34	0.76	62.98	0.19	0	0.19	0	0.38	0.38	1.91	0	0	0	0.38	0	0	0	0	0	0	0	0	0.19	0	0	0	0.19	0	0	0	0	0		0	0.19	0.95	0.38	13.74	0	0.57	0.38	0	0	0	0	0	0.95	0	0		0
PS58/274-1	2.55	0.17	0.67	0	0	0.34	0	1.52	1.52	0	2.86	0.34	6.57	0.17	66.84	0	0	0	0.17	0.34	0	1.52	0	0	0	0.17	0	0	0.17	0	0.17	0	0	0	0.17	0	0	0.17	0.34	0	0.17	0	0.17	0		0	0	0.67	0.17	12.96	0	0.51	0.84	0	0	0.17	0.34	0	1.85	0	0		0
PS58/274-1	2.65	0	0.49	0	0	0.74	0	1.23	1.23	0.25	4.2	0.25	8.4	0	60	0	0.2469136	0.2469136	0.25	0.25	0.25	1.48	0	0.25	0	0.49	0	0	0	0	0	0	0	0	0.74	0	0.25	0	0.74	0	0.25	0	0	0		0	0	0.74	0.49	14.81	0	1.23	0.99	0	0	0	0	0	1.73	0	0		0
PS58/274-1	2.75	0	0.48	0	0.24	0.48	0	2.39	2.39	0	0.96	0.24	11	0	59.57	0	0	0	0	0.24	0	2.15	0	0	0.24	0	0	0	0	0	0	0	0	0	0	0	0	0.24	0.24	0	0	0	0	0		0	0	1.44	0.24	14.59	0.24	0.96	1.67	0	0.24	0.72	0	0	1.67	0	0		0
PS58/274-1	2.85	0	0.75	0	0	0	0	1.75	1.75	0	2	0	5.25	0	63.75	0.25	0	0.25	0.25	0.25	0	1.5	0	0	0	0	0	0	0	0	0	0	0	0	0.25	0	0	0	0.25	0	0.25	0	0	0.25		0	0	2	0	16.25	0.5	1.25	1.25	0	0	0.5	0	0	1.75	0	0		0
PS58/274-1	2.95	0	0.45	0	0	0.67	0.22	1.79	2.01	0	2.47	0.67	9.87	0	62.11	0	0	0	0	0.9	0	1.12	0	0	0	0.45	0	0	0	0	0	0	0	0	0.45	0	0	0	0.45	0	0	0	0	0.22		0	0	1.35	0.67	12.33	0	1.12	0.9	0	0.45	0.45	0	0	1.35	0	0		0
PS58/274-1	3.05	0	1.17	0	0	0	0	2.34	2.34	0	2.73	0.19	4.87	0	64.33	0	0	0	0.19	0.58	0.19	2.34	0	0.19	0	0	0	0	0	0	0	0	0	0	0	0	0.19	0	0	0	0	0	0	0		0	0	1.56	0.19	13.84	0	0.58	0.78	0	0	0.58	0	0	3.12	0	0		0
PS58/274-1	3.15	0	0.69	0.23	0.23	0.23	0.23	2.52	2.75	0	2.29	0	8.24	0	61.33	0.23	0	0.23	0	0.69	0	1.37	0	0	0	0.23	0	0	0	0	0	0	0	0	0.46	0	0	0	0.46	0	0	0	0	0		0	0	2.75	0	15.33	0	0.46	0.69	0	0	0.23	0	0	1.6	0	0		0
PS58/274-1	3.25	0	0.42	0	0	0.42	0.21	2.09	2.3	0	5.02	0.21	7.53	0	59.41	0.21	0	0.21	0.21	1.05	0.42	1.88	0	0	0	0	0	0	0	0	0	0	0	0	0.21	0	0	0	0.21	0	0	0	0	0		0	0.21	1.26	0.63	14.02	0	0.63	0.84	0	0	0.84	0	0	2.3	0	0		0
PS58/274-1	3.35	0	0.86	0	0	0	0	3.44	3.44	0	2.15	0	10.32	0	60.43	0	0	0	0	0.65	0.22	1.94	0	0	0	0	0	0	0	0	0	0	0	0	0.22	0	0	0.22	0.44	0	0	0	0	0		0	0	0.86	0.43	15.05	0	0.22	0.86	0	0	0.22	0	0	1.94	0	0		0
PS58/274-1	3.45	0	1.34	0	0	0.22	0.45	0.45	0.9	0	2.68	0	8.48	0	63.84	0.22	0	0.22	0.22	0.67	0	2.23	0	0	0	0	0	0	0	0	0	0	0	0	0.22	0	0	0	0.22	0	0	0	0	0		0	0	2.23	0	13.62	0	0.45	0.45	0	0	0.22	0.22	0.22	1.56	0	0		0
PS58/274-1	3.55	0.18	0.37	0	0	0.18	0.37	2.77	3.14	0	3.88	0	4.81	0.37	66.36	0	0	0	0	0.37	0.74	2.4	0	0	0	0	0	0	0	0	0	0	0	0	0.37	0	0.18	0	0.37	0	0	0	0	0		0	0	1.29	0.18	11.83	0	0.74	0.74	0	0	0.18	0	0	1.66	0	0		0
PS58/274-1	3.65	0	0.63	0	0	0.63	0	2.52	2.52	0	3.3	0.47	6.45	0	66.04	0	0	0	0.16	0.16	0.31	2.2	0	0	0	0	0	0	0	0	0	0	0	0	0.31	0	0	0	0.31	0	0	0	0	0.16		0	0.16	2.99	0	10.85	0	0.79	0.31	0	0	0.16	0	0	1.42	0	0		0
PS58/274-1	3.75	0.2	0.78	0	0	0.39	0	3.32	3.32	0	4.1	0.59	6.84	0	58.2	0	0	0	0.2	0.39	0.2	0.98	0	0	0	0	0	0	0	0	0	0	0	0	0.2	0	0.2	0	0.2	0	0	0	0	0		0	0	0.98	0.59	17.77	0.2	1.17	0.59	0	0.2	0	0	0	1.95	0	0		0
PS58/274-1	3.85	0	0.9	0	0	0.18	0	1.26	1.26	0	3.25	0.36	6.5	0.18	60.29	0	0	0	0.36	0.54	0	3.25	0	0	0.18	0.18	0	0	0	0	0	0	0	0	0.54	0	0	0	0.54	0	0	0	0	0		0	0	1.08	0.36	16.79	0	0.9	0.54	0	0	0.18	0	0	1.99	0	0.18		0.18
PS58/274-1	3.95	0	0.37	0	0	0	0.19	1.68	1.87	0	3.92	0.19	3.54	0	67.72	0	0.1865672	0.1865672	0.56	0.93	0	3.73	0	0.19	0	0	0	0	0.19	0	0.19	0	0	0	0.37	0	0	0	0.37	0	0	0	0	0		0	0.19	1.49	0.56	11.19	0	0.37	0.19	0	0	0.19	0	0	1.87	0	0.19		0.19
PS58/274-1	4.05	0	0.9	0.18	0.18	0.54	0	2.34	2.34	0	3.78	0.18	6.29	0	63.31	0	0	0	0.36	0.18	0	2.88	0	0.18	0	0	0	0	0	0	0	0	0	0	0.18	0	0	0	0.18	0	0.18	0	0	0		0	0	1.08	0.18	13.67	0	0.54	0.36	0	0	0.18	0.18	0.18	1.98	0	0		0
PS58/274-1	4.15	0.15	1.04	0	0	0.15	0.3	0.89	1.19	0	3.12	0	4.75	0	64.78	0	0	0	0.15	0.59	0.15	2.67	0	0.15	0	0	0	0	0.15	0	0.15	0	0	0	0.45	0	0	0	0.45	0	0	0	0	0		0	0	1.78	0.45	14.71	0	1.34	0.3	0	0	0.3	0	0	1.34	0	0.3		0.3
PS58/274-1	4.25	0.15	1.05	0	0	0.15	0	1.36	1.36	0	3.31	0.3	7.08	0	62.8	0	0	0	0.15	0.6	0	3.31	0	0	0	0.15	0	0	0.15	0	0.15	0	0.1506024	0	0.75	0	0	0.15	0.9	0	0	0	0	0		0	0	0.75	0.45	13.55	0.15	1.2	0.15	0	0.15	0.15	0	0	1.66	0	0.15		0.15
PS58/274-1	4.35	0.19	0.56	0	0	0.19	0	2.06	2.06	0	4.68	0.19	4.49	0	63.86	0	0	0	0.19	0.94	0.75	2.43	0	0	0	0	0	0	0.19	0	0.19	0	0	0	0.37	0	0	0.19	0.56	0	0	0	0	0		0	0.19	1.69	0.37	12.73	0	0.94	0.37	0	0	0.37	0.19	0	1.87	0	0		0
PS58/274-1	4.45	0.16	0.31	0	0	0.31	0	1.1	1.1	0	3.3	0.16	5.82	0	64.62	0	0	0	0	0.79	0	3.3	0	0	0	0.16	0	0	0	0	0	0	0	0	0.47	0	0	0	0.47	0	0	0	0	0		0	0.16	0.63	0.47	14.47	0	0.79	0.94	0	0	0.16	0	0	1.57	0.16	0.16		0.16
PS58/274-1	4.55	0.17	0.33	0	0	0.5	0	1.66	1.66	0	4.98	0.17	1.99	0	69.27	0	0	0	0.33	0.5	0.33	2.99	0	0	0	0	0	0	0	0	0	0	0	0	0.17	0	0	0	0.17	0	0	0	0	0		0	0	1.33	0.83	11.96	0	0.17	0.33	0	0	0.5	0.17	0	1	0	0.33		0.33
PS58/274-1	4.65	0	0.93	0	0	0	0	2.33	2.33	0	2.56	0	4.9	0	70.4	0	0	0	0.23	0.7	0.23	1.4	0	0	0	0.23	0	0	0	0	0	0	0	0	0	0	0	0	0	0	0	0	0	0		0	0	1.17	0.23	11.42	0	0.47	0.23	0	0	0.47	0	0	1.86	0	0.23		0.23
PS58/274-1	4.75	0.21	0.21	0	0	0.41	0	2.06	2.06	0	3.09	0	5.36	0	63.3	0.21	0	0.21	0	0.82	0	2.06	0.21	0	0	0	0	0	0	0	0	0	0	0	0.41	0	0	0	0.41	0	0	0	0	0		0	0	1.24	0.21	17.53	0	0	0.41	0	0	0.21	0.21	0	1.65	0	0.21		0.21
PS58/274-1	4.85	0.24	0.24	0	0	0.24	0	2.12	2.12	0	2.82	0	3.53	0	69.65	0	0	0	0.24	0.71	0	2.35	0.24	0	0	0.71	0	0	0	0	0	0	0	0	0	0	0	0	0	0	0.24	0	0	0		0	0	2.82	0.24	10.82	0	0.47	0	0	0.24	0.24	0	0	1.88	0	0		0
PS58/274-1	4.95	0.2	0.8	0	0	0	0	4.02	4.02	0	2.81	0.4	5.42	0	61.85	0.2	0	0.2	0.2	0	0	1.61	0	0.2	0	0.2	0	0	0	0	0	0	0	0	0.8	0	0.2	0	0.8	0	0	0	0	0.2		0	0	1.41	0.6	15.86	0	0	0.8	0	0	0.2	0	0	1.81	0	0.2		0.2
PS58/274-1	5.05	0	0.9	0	0	0.45	0	2.26	2.26	0	2.56	0.3	3.31	0	64.51	0	0	0	0.15	0.15	0	2.56	0	0	0	0.15	0	0	0	0	0	0	0	0	0.15	0	0	0	0.15	0	0	0	0	0		0	0	1.8	0.45	16.24	0	0.45	0.6	0	0.15	0.15	0.15	0	2.41	0	0.15		0.15
PS58/274-1	5.15	0	0.22	0	0	0.43	0	3.66	3.66	0	2.16	0.22	2.59	0	67.24	0	0	0	0.22	0.22	0.22	3.02	0.22	0	0	0.22	0	0	0	0	0	0	0	0	0.22	0	0	0	0.22	0	0	0	0	0		0	0.22	1.94	0.65	13.36	0	0.43	0.43	0	0.22	0.43	0	0.22	1.29	0	0		0
PS58/274-1	5.25	0	0.37	0	0	0	0	2.42	2.42	0	2.05	0	4.66	0	66.11	0	0.1862197	0.1862197	0	0.37	0.37	1.3	0	0	0	0.19	0	0	0	0	0	0	0	0	0.19	0	0.19	0	0.19	0	0	0	0	0.19		0	0	0.56	0.19	16.57	0	0.93	0.37	0	0	0.37	0	0	2.23	0	0.19		0.19
PS58/274-1	5.35	0	0.85	0	0	0.43	0	1.71	1.71	0	1.92	0	2.99	0	62.82	0	0	0	0.21	0.43	0	3.21	0	0	0	0.21	0	0	0	0	0	0	0	0	0	0	0	0	0	0	0	0	0	0.21		0	0	1.07	0.43	19.66	0	1.71	0.21	0	0.21	0.43	0	0	1.28	0	0		0
PS58/274-1	5.45	0	0.78	0	0	0.19	0	2.53	2.53	0	1.36	0.19	7.2	0	61.87	0	0	0	0.19	0.39	0	3.31	0	0	0	0	0	0	0	0	0	0	0	0	0.39	0	0.19	0	0.39	0	0	0	0	0		0	0.19	0.19	0.58	17.12	0	0.39	0.19	0	0.19	0	0	0	2.33	0	0.19		0.19
PS58/274-1	5.55	0.18	0.36	0	0	0	0	2.73	2.73	0	4.74	0.36	3.28	0	59.38	0	0	0	0.18	0.73	0.18	2.73	0	0.18	0	0.18	0	0	0	0	0	0	0	0	1.28	0	0	0	1.28	0	0	0.18	0	0		0	0	2	0.55	18.03	0.18	0.91	0.18	0	0	0.18	0	0.18	0.91	0	0.18		0.18
PS58/274-1	5.65	0.18	0.54	0	0	0.36	0	1.81	1.81	0	3.8	0.18	3.62	0	65.82	0	0.1808318	0.1808318	0.36	0.54	0.36	3.62	0	0	0	0.36	0	0	0	0.18	0.18	0	0	0	0.36	0	0	0	0.36	0	0	0	0	0		0	0	1.45	0.18	12.3	0.18	0.72	0.9	0.18	0	0.18	0	0	1.63	0	0		0.18
PS58/274-1	5.75	0.17	0.17	0	0	0.34	0	3.04	3.04	0	2.53	0	3.04	0	69.81	0	0.1686341	0.1686341	0.34	0.51	0.34	1.52	0	0	0	0	0	0	0	0.17	0.17	0	0	0	0.34	0	0	0	0.34	0	0	0	0	0.17		0	0	1.52	0.84	12.48	0.17	0.51	0.17	0	0.17	0.34	0	0	1.01	0	0.17		0.17
PS58/274-1	5.85	0.2	0.61	0	0	0.41	0	2.45	2.45	0	1.84	0.41	6.33	0	67.96	0	0	0	0	0.2	0.2	1.63	0	0	0	0	0	0	0	0	0	0	0	0	0.2	0	0	0.2	0.4	0	0	0	0	0		0	0	1.43	0.41	13.06	0.2	0.2	0.2	0	0	0	0	0.2	1.02	0	0.61		0.61
PS58/274-1	5.95	0.15	0.46	0	0	0.46	0	1.82	1.82	0	1.82	0.3	4.7	0	68.13	0	0.1517451	0.1517451	0.15	0.3	0.15	1.52	0.15	0	0	0	0	0	0	0	0	0	0	0	0.15	0	0.15	0	0.15	0	0	0	0	0.15		0	0	1.21	0.3	13.2	0	0.15	0.91	0	0	0.15	0.15	0	2.88	0	0.3		0.3
PS58/274-1	6.05	0.2	0.39	0	0	0.59	0	1.97	1.97	0.2	1.97	0	2.56	0.2	67.72	0.2	0.1968504	0.3968504	0.2	0.39	0.2	1.97	0	0.2	0	0	0	0	0	0	0	0	0	0	0.2	0	0	0	0.2	0	0	0	0	0		0	0.2	2.17	0.39	13.19	0.2	0.39	0.79	0	0.2	0.59	0	0.2	2.17	0	0.2		0.2
PS58/274-1	6.15	0	0.62	0	0	0	0	2.49	2.49	0	1.87	0.21	4.99	0	65.49	0	0	0	0	0.62	0	1.46	0	0	0	0	0	0	0	0	0	0	0	0	0.21	0	0	0	0.21	0	0	0	0	0		0	0	1.66	0	15.18	0.21	0.62	0.21	0	0.21	0.21	0	0	3.53	0	0.21		0.21
PS58/274-1	6.25	0	0.6	0	0	0.2	0	2.82	2.82	0	2.62	0.4	2.62	0	67.61	0	0.2012072	0.2012072	0.4	0.4	0	3.82	0	0	0	0.4	0	0	0	0	0	0	0	0	0.2	0	0	0	0.2	0	0	0	0	0		0	0.2	1.61	0.6	11.67	0.2	0	0.4	0	0	0.2	0	0	2.82	0	0		0
PS58/274-1	6.35	0	0.21	0	0	0.62	0	2.27	2.27	0	2.48	0	2.48	0	67.56	0	0	0	0.62	0	0	1.24	0	0	0	0.21	0	0	0	0	0	0	0	0	0.21	0	0	0	0.21	0	0	0	0	0.21		0	0.21	2.48	0.41	15.08	0	0.62	0.83	0	0	0.21	0	0	1.86	0	0.21		0.21
PS58/274-1	6.45	0	0.16	0	0.16	0.33	0	1.96	1.96	0	1.14	0	3.92	0	73.9	0	0	0	0	0.16	0.16	1.31	0	0	0	0	0	0	0	0	0	0	0	0	0.16	0	0	0	0.16	0	0	0	0	0.16		0	0	1.31	0.49	11.26	0	0	0.65	0	0	0.49	0	0	1.96	0	0.33		0.33
PS58/274-1	6.55	0	0.39	0	0	0.78	0	0.97	0.97	0	3.3	0	1.55	0	74.95	0	0	0	0.19	0.39	0.19	3.5	0	0	0	0.39	0	0	0	0.19	0.19	0	0	0	0	0	0	0	0	0	0	0	0	0		0	0	1.94	0.58	8.54	0.19	0.19	0.39	0	0.19	0	0	0	0.97	0	0.19		0.19
PS58/274-1	6.65	0.14	0.42	0	0	0.28	0	3.39	3.39	0	2.4	0.14	1.84	0	68.32	0	0	0	0	0.57	0.42	2.26	0	0.28	0	0.14	0	0	0	0.14	0.14	0	0	0	0.28	0	0	0.14	0.42	0	0.14	0	0	0.28		0	0.14	2.69	0.28	11.74	0.28	0.57	0.57	0	0	0.42	0	0	1.56	0	0.14		0.14
PS58/274-1	6.75	0	0.33	0	0	0.17	0	1.82	1.82	0	3.31	0	2.15	0	68.87	0	0	0	0.17	0.5	0.66	1.66	0	0.17	0	0.17	0.17	0	0	0	0	0	0	0	0.17	0	0	0	0.17	0	0	0	0	0		0	0	0.83	0	15.23	0	0.5	0.33	0	0.17	0.17	0	0	2.32	0	0.17		0.17
PS58/274-1	6.85	0.17	0.52	0	0	0.34	0	2.06	2.06	0	1.72	0	1.72	0	73.2	0	0	0	0.34	0.17	0	2.75	0	0	0	0.17	0	0	0.17	0.17	0.34	0	0	0	0.17	0	0	0.17	0.34	0	0	0	0	0		0	0	1.89	0.86	10.48	0	0.17	0	0	0	0.17	0	0	2.23	0	0.34		0.34
PS58/274-1	6.95	0.28	0.42	0	0	0.28	0	3.49	3.49	0	2.51	0.14	1.12	0.28	72.49	0	0.1396648	0.1396648	0.28	0.42	0.14	1.54	0	0	0	0.28	0	0	0.28	0	0.28	0	0	0	0	0	0	0	0	0	0	0	0	0.28		0	0	2.09	0.42	9.92	0	0.42	0.28	0	0.14	0.14	0	0	2.09	0	0.14		0.14
PS58/274-1	7.05	0.47	0.23	0	0	0.94	0	2.58	2.58	0	2.35	0	2.35	0	66.43	0	0	0	0.23	0.23	0	3.99	0	0	0	0.7	0	0	0.23	0	0.23	0	0	0	0	0	0	0	0	0	0	0	0	0		0	0	2.35	0	13.85	0	0.7	0	0	0	0	0.23	0	2.11	0	0		0
PS58/274-1	7.15	0.23	0.46	0	0	0.46	0	2.98	2.98	0	4.36	0	1.38	0.23	68.35	0	0.2293578	0.2293578	0.23	0.46	0	3.67	0	0	0	0	0	0	0.23	0	0.23	0	0	0	0.23	0	0	0	0.23	0	0	0	0	0		0	0	1.15	0.69	11.24	0	0.92	0.46	0	0	0	0	0	2.06	0	0		0
PS58/274-1	7.25	0	0.38	0	0	0	0	3.44	3.44	0	2.49	0.38	2.87	0.19	69.02	0	0	0	0	0.76	0.19	2.68	0	0	0	0	0	0	0.38	0	0.38	0	0	0	0.38	0	0	0	0.38	0	0	0	0	0		0	0	1.53	0.57	11.47	0	0.76	1.15	0	0	0	0	0	1.15	0	0.19		0.19
PS58/274-1	7.35	0	0.23	0	0	0.68	0	2.04	2.04	0	3.39	0.23	2.71	0	66.74	0	0	0	0.23	0.23	0	2.94	0	0.45	0	0.23	0	0	0	0.23	0.23	0	0	0	0	0	0	0	0	0	0	0	0	0		0	0	0.45	0.23	16.06	0.23	0.23	0	0	0	0.23	0	0	1.58	0	0.68		0.68
PS58/274-1	7.45	0	0.57	0	0	0.38	0	1.92	1.92	0.19	1.72	0.19	1.53	0	73.75	0	0	0	0.19	0.57	0.38	2.49	0	0	0	0	0	0	0	0	0	0	0	0	0	0	0	0	0	0	0	0	0	0		0	0	1.53	0	11.69	0	0	0.38	0	0	0	0.19	0	1.72	0	0.57		0.57
PS58/274-1	7.55	0	0.24	0	0	0.47	0	1.65	1.65	0	2.12	0	2.12	0	73.35	0	0	0	0.47	0.71	0	1.65	0	0	0	0	0	0	0.24	0.24	0.48	0	0	0	0.47	0	0	0	0.47	0	0	0	0	0.47		0	0.24	1.18	0.24	11.08	0	0.71	0.24	0	0	0	0	0	1.65	0	0.47		0.47
PS58/274-1	7.65	0.15	0.45	0	0	0	0	1.81	1.81	0	3.47	0	2.11	0	71.34	0	0	0	0.15	0.6	0	1.81	0.15	0.15	0	0.3	0	0	0	0	0	0	0	0	0	0	0	0	0	0	0	0	0	0		0	0	1.96	0	12.97	0.15	0	0.45	0	0	0.15	0	0	1.21	0	0.6		0.6
PS58/274-1	7.75	0	0	0	0	0.25	0	2.73	2.73	0	3.72	0.5	3.72	0.25	64.76	0	0	0	0	0.25	0	2.23	0	0	0	0	0	0	0	0	0	0	0	0	0	0	0	0	0	0	0	0.25	0	0		0	0.25	1.24	0.74	14.14	0	0.5	0.25	0	0	0.25	0	0.25	3.72	0	0		0
PS58/274-1	7.85	0	0.19	0	0	0.38	0	2.28	2.28	0	2.28	0	1.71	0	73	0	0	0	0.19	0.57	0.19	1.52	0	0.19	0	0	0	0	0.19	0	0.19	0	0	0	0.19	0	0	0	0.19	0	0	0	0.19	0.19		0	0	1.14	0.76	11.22	0.38	0.57	0	0	0	0.19	0.19	0	2.28	0	0		0
PS58/274-1	7.95	0	0.18	0	0	0.18	0	1.4	1.4	0	3.15	0.35	2.63	0.18	73.56	0	0	0	0	0.18	0.35	1.58	0	0	0	0	0	0	0	0	0	0	0	0	0	0	0	0	0	0	0	0	0	0.18		0	0	1.05	0.18	11.21	0	0.18	0	0	0	0.35	0	0	3.15	0	0		0
PS58/274-1	8.05	0	0.46	0	0	0	0	1.85	1.85	0	2.55	0	3.01	0.23	70.37	0	0	0	0.23	0.69	0.23	2.31	0	0	0	0	0	0	0	0	0	0	0	0	0.23	0	0	0	0.23	0	0.23	0	0	0		0	0	0.93	0.46	12.04	0.23	0.46	0	0	0.23	0	0	0	3.01	0	0.23		0.23
PS58/274-1	8.15	0	0.17	0.17	0.5	0.5	0	3.31	3.31	0	3.64	0	2.65	0	68.87	0	0	0	0.17	0.66	0	1.99	0	0	0	0.17	0	0	0.17	0.17	0.34	0	0	0	0.5	0	0	0	0.5	0	0	0	0	0		0	0	0.99	0.33	12.42	0.17	0.33	0.17	0	0	0.17	0	0	1.82	0	0		0
PS58/274-1	8.26	0	0.18	0	0	0.18	0	2.39	2.39	0	3.12	0.18	2.39	0.18	72.43	0	0.3676471	0.3676471	0.18	0.55	0	2.02	0	0	0	0.18	0	0	0	0	0	0	0.1838235	0	0.37	0	0	0	0.37	0	0	0	0	0		0	0	0.92	0.37	11.4	0	0.18	0.18	0	0.37	0	0.18	0	1.47	0	0		0
PS58/274-1	8.34	0	0.7	0	0	0.14	0	1.96	1.96	0	2.95	0	2.38	0	73.63	0.14	0.1402525	0.2802525	0.14	0.56	0.28	1.96	0	0.28	0	0.14	0	0	0	0	0	0	0	0.14	0.28	0	0	0	0.28	0	0	0	0	0		0	0	1.26	0.98	8.84	0	0.42	0.42	0	0	0.42	0	0	1.82	0	0		0
PS58/274-1	8.45	0.18	0.18	0	0	0.37	0	1.48	1.48	0	2.95	0.18	1.29	0.18	73.25	0	0	0	0.37	0.74	0.37	3.32	0	0.18	0	0.55	0	0	0.37	0	0.37	0	0	0	0	0	0	0.18	0.18	0	0	0	0	0.18		0	0	1.85	0.92	8.86	0	0.18	0	0	0	0	0	0	1.48	0	0.37		0.37
PS58/274-1	8.55	0	0.56	0.19	0	0	0	1.88	1.88	0	3.56	0.19	1.69	0	71.86	0	0	0	0.19	0.19	0	2.06	0	0	0	0.19	0	0	0	0	0	0	0	0	0.19	0	0	0	0.19	0	0	0	0	0		0	0	0.75	0.19	12.95	0.19	0	1.13	0	0	0	0	0	1.69	0	0.38		0.38
PS58/274-1	8.65	0.2	0.41	0	0.2	0.61	0	0.82	0.82	0	2.25	0.41	1.23	0	71.57	0	0	0	0.2	0.82	0	3.07	0	0	0	0.2	0	0	0	0.2	0.2	0	0	0	0.41	0	0	0	0.41	0	0	0	0	0		0	0	1.23	0.2	12.68	0	0.2	0.41	0	0	0.2	0.41	0	1.84	0	0.2		0.2
PS58/274-1	8.75	0	0.48	0	0	0.16	0	0.81	0.81	0	2.74	0	3.22	0	73.27	0	0.1610306	0.1610306	0.16	0.64	0	3.7	0	0	0	0.16	0	0	0	0.16	0.16	0	0	0.16	0	0	0	0	0	0	0	0	0	0		0	0.16	1.45	0	9.98	0	0	0.16	0	0	0.48	0	0	1.93	0	0		0
PS58/274-1	8.85	0.18	0.18	0	0	0	0	1.43	1.43	0	2.5	0.18	1.61	0	74.78	0.18	0	0.18	0.18	0.72	0	2.86	0	0	0	0.18	0	0	0	0	0	0	0	0	0.18	0	0	0	0.18	0	0	0	0	0		0	0	2.33	0.89	9.3	0	0.36	0.18	0	0	0.18	0	0	1.25	0	0.36		0.36
PS58/274-1	8.95	0	0.64	0	0	0.21	0	1.92	1.92	0	2.78	0	2.56	0	70.51	0	0.2136752	0.2136752	0.21	0.43	0	4.27	0	0	0	0	0	0	0	0.43	0.43	0	0	0	0	0	0	0	0	0	0	0	0	0		0	0	1.28	0.21	12.61	0	0.85	0	0	0	0	0	0	0.85	0	0		0
PS58/274-1	9.05	0	0.41	0	0	0.41	0	1.65	1.65	0	1.44	0	0.82	0.21	72.16	0	0	0	0.21	0.41	0	2.47	0	0	0	0.21	0	0	0	0	0	0	0	0	0	0	0.21	0	0	0	0.21	0	0	0		0	0	1.44	0.21	13.4	0.21	0.41	0.41	0	0.41	0.41	0	0	1.86	0	0.41		0.41
PS58/274-1	9.15	0.4	0.2	0	0	0.2	0	1.59	1.59	0	4.17	0	1.79	0	68.79	0.4	0	0.4	0.2	0.4	0	3.58	0	0	0	0.2	0.2	0	0	0.2	0.2	0	0	0.2	0.2	0	0	0	0.2	0	0	0	0	0		0	0	2.78	0.2	11.33	0	0	0	0.4	0.2	0.2	0	0	1.79	0	0.4		0.8
PS58/274-1	9.25	0.39	0.2	0	0	0.59	0	1.77	1.77	0	4.33	0.2	1.97	0.2	69.88	0	0	0	0	0	0.39	2.36	0	0	0	0	0	0	0	0	0	0	0	0	0.79	0	0	0.2	0.99	0	0.2	0	0	0		0	0	2.76	0.98	10.63	0	0	0	0	0	0.2	0	0	1.77	0	0.2		0.2
PS58/274-1	9.35	0.34	0.17	0	0	0.34	0	1.2	1.2	0	2.92	0.34	0.86	0.17	72.16	0	0	0	0.52	0.69	0.17	2.23	0	0	0	0	0	0	0	0	0	0	0	0	0.34	0	0	0.17	0.51	0	0	0	0	0		0	0	2.75	0	11.86	0	0.52	0.34	0	0	0.17	0.17	0	1.37	0.17	0		0
PS58/274-1	9.45	0.12	0.24	0	0	0.12	0	1.07	1.07	0	2.73	0	1.66	0.12	72.77	0	0.1189061	0.1189061	0.59	0.48	0.24	3.21	0	0	0	0	0	0	0	0.12	0.12	0	0	0	0.12	0	0	0	0.12	0	0	0	0	0.12		0	0	1.43	0.59	11.53	0	0.24	0.48	0	0	0.24	0	0	1.43	0	0.24		0.24
PS58/274-1	9.55	0.14	0.14	0	0	0.14	0	0.82	0.82	0	3.43	0	1.1	0	73.63	0	0.1373626	0.1373626	0.14	0.69	0	2.88	0	0	0	0	0	0	0.27	0	0.27	0	0	0.14	0.27	0	0	0	0.27	0	0	0	0	0		0	0	1.79	0.41	10.99	0	0.27	0.41	0	0	0.55	0	0	1.51	0	0.14		0.14
PS58/274-1	9.65	0.13	0.13	0	0.13	0.4	0	0.8	0.8	0	3.2	0.13	1.34	0.13	75.7	0	0	0	0.27	0.67	0	2.8	0	0	0	0.13	0	0	0	0.13	0.13	0	0	0	0.13	0	0	0	0.13	0	0	0	0	0.13		0	0	1.6	0.13	10.01	0	0.27	0.27	0	0	0.13	0	0	1.07	0	0.13		0.13
PS58/274-1	9.75	0.12	0.12	0	0	0.23	0	1.85	1.85	0	7.18	0.12	1.51	0.12	72.07	0	0	0	0.23	0.23	0	2.32	0	0	0	0.58	0	0	0	0	0	0	0	0	0.12	0	0	0	0.12	0	0	0	0.12	0		0	0	1.85	0	8.69	0	0.12	0.35	0	0	0.23	0.12	0	1.62	0	0.12		0.12
PS58/274-1	9.85	0.27	0.13	0	0.13	0.27	0	1.74	1.74	0.13	9.63	0	1.6	0.13	65.11	0.13	0	0.13	0.13	0.67	0	1.34	0	0.13	0	0.13	0	0	0	0	0	0	0	0	0	0	0	0	0	0	0	0	0	0.13		0	0	2.01	0.53	12.17	0.13	0.67	0.53	0	0	0.13	0	0	1.87	0	0.13		0.13
PS58/274-1	9.95	0.32	0.49	0	0	0.16	0	2.1	2.1	0	8.9	0	2.27	0	63.43	0	0	0	0	0.32	0	3.4	0	0	0	0.16	0	0	0.16	0	0.16	0	0	0	0.49	0	0	0	0.49	0	0	0	0	0		0	0	1.29	0.49	11.81	0	0.81	0.81	0	0	0.49	0	0.32	1.78	0	0		0
PS58/274-1	10.05	0	0.41	0.2	0	0.2	0	2.03	2.03	0	3.04	0.2	3.25	0.41	68.76	0	0	0	0.41	0	0.41	2.03	0	0	0	0	0	0	0	0	0	0	0	0	0	0	0	0	0	0	0	0	0	0		0	0	2.03	0.81	12.58	0	0.41	0.41	0	0	0.41	0	0	1.83	0	0.2		0.2
PS58/274-1	10.15	0.2	0.4	0	0	0.6	0	1.99	1.99	0	4.37	0	1.39	0.2	69.78	0.2	0	0.2	0.4	0.2	0	1.79	0	0	0	0	0	0	0	0	0	0	0	0	0.2	0	0	0	0.2	0	0	0	0	0		0	0	1.99	0.4	13.32	0	0.2	0.2	0	0	0	0	0	1.99	0	0.2		0.2
PS58/274-1	10.25	0.15	0.15	0	0	0.15	0	1.22	1.22	0	4.56	0.3	1.22	0.3	70.82	0	0	0	0.3	0.61	0.3	3.04	0	0	0	0.15	0	0	0	0	0	0	0	0	0	0	0	0	0	0	0	0	0	0		0	0	1.67	0.15	12.16	0	0.46	0.3	0	0	0.61	0	0	1.37	0	0		0
PS58/274-1	10.35	0	0.29	0	0	0.15	0	1.32	1.32	0	4.55	0	1.47	0	71.55	0	0	0	0.44	1.32	0.29	2.79	0	0	0	0.15	0	0	0.15	0	0.15	0	0	0	0.15	0	0	0	0.15	0	0	0	0	0		0	0	2.35	0.73	9.24	0	0.29	0.15	0	0	0.59	0	0	1.61	0	0.44		0.44
PS58/274-1	10.45	0.14	0.28	0	0	0.43	0	1.57	1.57	0	3.42	0.14	2.71	0	72.22	0	0.1424501	0.1424501	0.28	0.14	0	2.85	0	0	0	0.28	0	0	0	0.14	0.14	0	0	0	0	0	0	0	0	0	0	0	0	0		0	0	1.99	0.28	9.54	0.14	0.43	0.57	0	0	0	0	0	1.85	0	0.43		0.43
PS58/274-1	10.55	0	0.39	0	0	0	0	2.55	2.55	0	6.68	0	2.55	0	66.01	0.2	0	0.2	0.2	0.59	0	1.77	0	0	0.2	0	0	0	0	0	0	0	0	0	0	0	0	0	0	0	0.2	0	0	0		0	0	1.96	0	12.38	0	0.98	0.2	0	0	0	0	0	2.55	0	0.59		0.59
PS58/274-1	10.65	0.17	0.51	0	0	0.34	0	1.19	1.19	0	4.58	0.17	4.07	0	67.23	0	0	0	0.17	0.51	0	1.87	0	0	0	0	0	0	0	0.17	0.17	0	0	0	0.17	0	0	0	0.17	0	0	0	0	0		0	0	1.02	0.34	13.75	0.17	0.68	0.34	0	0	0.17	0.17	0.17	1.87	0	0.17		0.17
PS58/274-1	10.75	0	0.19	0.19	0.19	0.39	0	1.35	1.35	0	4.05	0	2.89	0	66.86	0	0.1926782	0.1926782	0.39	0.19	0	1.93	0	0.19	0	0.39	0	0	0.19	0.19	0.38	0	0	0	0	0	0	0	0	0	0	0	0	0		0	0	1.73	0.39	13.87	0	0.77	0.58	0	0.19	0	0	0	2.5	0	0.19		0.19
PS58/274-1	10.85	0.52	0.35	0	0	0.52	0	1.73	1.73	0	4.5	0	2.77	0	67.47	0	0	0	0	0.52	0	2.6	0	0	0	0.35	0	0	0.17	0	0.17	0	0	0.17	0	0	0	0	0	0	0	0	0.17	0		0	0	2.25	0.17	13.32	0	0.17	0	0	0	0.35	0	0	1.9	0	0		0
PS58/274-1	10.95	0.33	0.67	0.17	0	0.84	0	2.01	2.01	0	4.18	0.17	2.34	0.17	68.9	0.17	0	0.17	0	0.17	0	2.17	0	0	0	0.33	0	0	0.17	0.17	0.34	0	0	0	0.17	0	0	0	0.17	0	0	0	0	0		0	0	2.51	0.17	11.2	0.17	0	0.33	0	0	0.33	0.17	0	2.01	0	0		0
PS58/274-1	11.05	0	0.26	0	0	0.26	0	1.66	1.66	0	3.96	0.13	2.43	0	67.94	0.13	0	0.13	0	0.26	0	2.3	0	0	0	0.13	0	0	0	0	0	0	0	0	0	0	0.13	0	0	0	0	0	0	0.13		0	0	1.02	0.13	16.22	0	0.38	0.13	0	0.13	0	0	0	2.3	0	0		0
PS58/274-1	11.15	0	0.13	0	0	0.13	0	2.37	2.37	0	4.61	0	2.37	0	66.8	0.13	0	0.13	0	0.53	0	3.16	0	0.13	0	0.4	0	0	0.26	0	0.26	0	0	0	0	0	0	0	0	0	0	0	0	0.13		0	0	2.24	0.26	13.44	0	0.26	0.26	0	0.13	0.26	0.13	0	1.84	0	0		0
PS58/274-1	11.25	0.17	0.17	0	0	0.17	0	2.52	2.52	0	5.38	0	1.34	0	68.07	0	0.1680672	0.1680672	0	0.5	0.17	2.52	0	0.34	0	0.34	0	0	0	0.34	0.34	0	0	0	0	0	0.17	0	0	0	0	0	0	0		0	0	2.35	0	12.77	0	0.5	0.5	0	0	0	0	0	1.51	0	0		0
PS58/274-1	11.35	0.24	0.24	0	0	0	0	1.45	1.45	0	4.34	0	0.96	0	69.64	0.24	0	0.24	0.24	0.96	0	3.13	0	0	0	0	0	0	0	0.48	0.48	0	0	0	0	0	0	0	0	0	0	0	0	0		0	0	2.17	0.24	10.84	0	0.24	0.96	0	0	0	0	0	2.65	0.24	0.72		0.72
PS58/274-1	11.45	0	0.15	0	0	0.31	0	2.16	2.16	0	5.39	0	1.69	0.15	70.11	0	0	0	0	0.15	0.15	2.77	0	0	0	0.15	0	0	0	0	0	0	0	0	0.15	0	0	0	0.15	0	0	0	0	0.15		0	0	1.39	0.15	10.79	0	0.31	0.77	0	0	0.15	0	0	2.47	0	0.46		0.46
PS58/274-1	11.55	0	0.15	0	0	0.15	0	1.06	1.06	0	4.86	0	1.97	0.15	71.78	0	0	0	0.3	0.76	0	1.82	0	0	0	0.46	0	0	0.15	0	0.15	0	0	0	0	0	0	0	0	0	0	0	0	0.15		0	0.15	0.61	0.3	10.62	0	0.46	0.15	0.15	0.15	0	0	0.15	3.49	0	0		0.15
PS58/274-1	11.65	0	0	0	0	0.73	0	1.65	1.65	0	5.14	0	0.73	0.18	74.13	0	0	0	0.18	0	0	1.65	0	0	0	0	0	0	0	0.18	0.18	0	0	0	0	0	0.18	0	0	0	0	0	0	0		0	0	1.28	0.18	9.36	0	0.73	0.18	0	0	0	0	0	3.12	0	0.37		0.37
PS58/274-1	11.75	0.4	0	0	0	0	0	3.59	3.59	0	3.39	0	1.4	0.2	66.67	0	0	0	0.2	0.2	0.2	4.19	0	0	0	0.4	0	0	0.2	0	0.2	0	0	0	0	0	0	0	0	0	0	0	0	0		0	0	0.6	0.2	14.37	0	0.6	0.4	0	0	0	0	0	2.79	0	0		0
PS58/274-1	11.85	0.23	0.46	0	0	0	0	3.02	3.02	0	3.71	0	2.09	0.23	67.29	0	0	0	0	0.7	0	4.64	0	0.23	0	0	0	0	0	0	0	0	0	0	0.23	0	0.23	0	0.23	0	0	0	0	0		0	0	1.39	0.7	9.98	0	0.23	0.23	0	0	0.46	0	0	3.94	0	0		0
PS58/274-1	11.95	0.14	0.28	0	0	0.14	0.14	2.39	2.53	0	2.53	0	1.69	0	69.76	0	0	0	0.28	0.7	0	2.11	0	0	0	0.14	0	0	0	0	0	0	0	0	0.28	0	0	0	0.28	0	0	0	0	0		0	0	2.39	0.42	12.8	0	0.56	0.56	0	0	0.28	0	0	2.25	0	0.14		0.14
PS58/274-1	12.05	0.14	0.28	0	0	0.42	0	1.54	1.54	0	6.7	0	1.54	0.14	65.08	0	0	0	0.14	0.56	0	3.35	0	0	0	0.14	0	0	0.28	0	0.28	0	0	0	0.28	0	0	0	0.28	0	0	0	0	0		0	0	1.54	0.84	13.55	0	0.14	0.14	0	0	0.28	0	0	2.79	0.14	0		0
PS58/274-1	12.15	0	0.18	0	0	0.18	0.18	2.29	2.47	0	4.94	0.18	1.76	0.18	63.67	0	0	0	0.18	0.53	0	4.41	0	0	0	0.53	0	0	0	0.18	0.18	0	0	0	0	0	0	0	0	0	0	0	0	0		0	0	1.76	0.18	14.11	0	0	0.53	0	0	0.18	0	0	3.7	0.18	0		0
PS58/274-1	12.25	0.15	0.15	0	0	0	0	1.53	1.53	0	2.3	0	2.76	0	67.38	0	0	0	0.15	0.15	0.46	3.98	0	0	0	0	0	0	0	0.46	0.46	0	0	0	0.15	0	0	0	0.15	0	0	0	0.15	0.15		0	0	2.76	0.46	13.94	0	0.15	0.31	0	0	0	0	0	2.45	0	0		0
PS58/274-1	12.35	0	0.14	0.14	0	0.82	0.14	2.87	3.01	0	4.1	0	1.09	0	67.72	0	0	0	0.14	0.55	0	4.65	0	0.14	0	0.55	0	0	0.14	0.14	0.28	0	0	0	0.14	0	0	0	0.14	0	0	0	0	0.27		0	0.14	2.33	0	10.67	0	0.41	0.27	0	0	0.14	0	0.27	2.05	0	0		0
PS58/274-1	12.45	0.5	0	0	0.25	0	0	1.24	1.24	0	5.21	0	2.73	0	62.53	0	0.248139	0.248139	0	0.74	0.25	2.23	0	0	0	0.5	0	0	0.25	0	0.25	0	0	0	0	0	0	0	0	0	0	0	0	0		0	0	1.99	0.25	14.64	0	0.5	0	0	0	0	0	0	5.71	0.25	0		0
PS58/274-1	12.55	0.23	0.45	0	0	0	0	2.93	2.93	0	3.15	0	0.68	0.23	73.65	0	0	0	0	0	0	3.15	0	0	0	0.45	0	0	0	0	0	0	0	0	0	0	0	0	0	0	0	0	0	0		0	0	1.58	0	9.01	0	0	0.23	0	0	0	0	0	4.28	0	0		0
PS58/274-1	12.65	0.33	0.16	0	0	0.16	0	1.63	1.63	0	7.17	0	1.95	0	68.4	0.16	0	0.16	0.16	0.65	0	3.26	0	0	0	0	0	0	0.16	0	0.16	0	0	0	0	0	0	0	0	0	0	0	0	0.16		0	0	1.95	0.16	8.96	0	0.65	0.33	0.16	0	0	0	0	3.26	0	0.16		0.32
PS58/274-1	12.75	0	0.21	0	0	0.42	0	2.3	2.3	0	7.52	0.21	1.88	0.21	60.13	0	0	0	0.21	1.04	0	2.3	0	0	0	0.63	0	0	0.21	0	0.21	0	0	0	0.21	0	0	0	0.21	0	0	0	0	0.42		0	0	1.46	0	15.24	0	0.84	0.42	0	0	0	0	0.21	3.97	0	0		0
PS58/274-1	12.85	0.14	0.14	0	0	0.28	0.14	2.28	2.42	0	3.56	0	1.71	0	66.29	0	0	0	0	0.57	0	1.85	0	0	0	0.28	0	0	0	0	0	0	0	0	0	0	0	0	0	0	0	0	0	0		0	0	0.43	0.28	16.36	0	0.57	0.43	0	0	0.28	0	0	4.41	0	0		0
PS58/274-1	12.95	0.13	0.25	0	0	0.38	0	2.89	2.89	0	7.04	0.13	2.26	0	66.16	0	0	0	0	0.25	0	1.51	0	0	0	0.13	0	0	0	0	0	0	0	0	0.13	0	0	0	0.13	0	0	0	0	0		0	0	0.63	0.13	12.83	0	0.5	0.25	0	0	0.25	0	0	4.03	0.13	0		0
PS58/274-1	13.05	0.32	0	0	0	0.47	0	2.53	2.53	0	9.95	0	2.37	0	60.19	0	0	0	0.16	0.63	0	2.05	0	0	0	0	0	0	0.32	0.16	0.48	0	0	0	0	0	0	0	0	0	0	0	0.16	0		0	0	1.26	0	15.01	0.16	0.63	0.32	0	0	0	0	0	3.32	0	0		0
PS58/274-1	13.15	0.34	0.17	0	0	0	0	2.58	2.58	0	8.93	0	2.58	0.17	60.82	0	0	0	0	0.34	0	2.58	0	0	0	0	0	0	0.17	0	0.17	0	0	0	0.17	0	0	0	0.17	0	0	0	0	0		0	0	1.03	0	15.29	0	0.52	0.34	0	0	0.52	0	0	3.09	0.34	0		0
PS58/274-1	13.25	0.22	0.22	0	0	0	0	2.91	2.91	0	5.15	0	3.13	0.22	62.64	0	0	0	0.45	0.22	0	3.8	0	0	0	0.22	0	0	0	0	0	0	0	0	0.22	0	0	0	0.22	0	0	0	0	0		0	0	0.67	0	12.75	0.22	0.89	0.22	0	0	0.22	0	0	5.37	0.22	0		0
PS58/274-1	13.35	0.34	0	0	0	0.34	0	3.08	3.08	0	8.89	0	4.62	0	59.32	0	0	0	0.17	0.17	0	3.93	0	0.17	0	0.34	0	0	0	0	0	0	0	0	0.17	0	0	0	0.17	0	0	0	0	0		0	0	1.54	0.51	11.62	0	0.17	0.51	0.17	0	0.17	0	0	3.76	0	0		0.17
PS58/274-1	13.45	0.28	0.43	0	0	0.28	0	2.56	2.56	0	5.54	0.14	2.56	0.28	61.08	0	0	0	0	0.14	0	4.55	0	0	0	0.14	0	0	0.14	0.28	0.42	0	0	0	0.28	0	0	0	0.28	0	0	0	0	0.14		0	0	2.13	0.28	13.07	0	0.71	0.14	0	0.14	0.28	0.14	0	4.12	0.14	0		0
PS58/274-1	13.55	0.42	0.42	0	0	0.84	0.21	2.53	2.74	0	4.42	0.21	6.32	0	56	0	0	0	0.21	0.21	0	4.21	0	0	0	0.42	0	0	0	0.21	0.21	0	0	0.21	0.21	0	0	0	0.21	0	0	0	0	0		0	0	1.05	0	16	0.21	0.63	0.21	0	0	0.63	0	0	4	0.21	0		0
PS58/274-1	13.65	0.14	0.87	0	0	0.43	0	3.18	3.18	0	4.62	0.14	3.9	0	57.66	0	0	0	0.14	0.58	0.29	4.77	0	0	0	0.14	0	0	0	0	0	0	0	0	0.43	0	0	0	0.43	0	0	0	0	0		0	0	1.88	0.43	16.47	0	0.72	0.14	0	0	0.14	0	0	2.89	0	0		0
PS58/274-1	13.75	0.48	0.48	0	0	0.24	0	2.4	2.4	0	2.88	0	3.85	0	63.7	0	0	0	0	0.24	0.24	3.85	0	0	0	0	0	0	0	0	0	0	0	0	0	0	0.24	0	0	0	0	0	0	0		0	0	1.68	0.48	13.94	0	0.72	0.72	0.24	0.24	0.72	0	0	2.64	0	0		0.24
PS58/274-1	13.85	0.32	0.48	0	0	0.32	0	2.72	2.72	0	3.2	0.32	4.96	0	56.16	0	0	0	0.48	0.48	0	3.2	0	0.16	0	0	0	0	0	0	0	0	0	0	0.32	0	0	0	0.32	0	0	0	0	0		0	0	2.24	0.16	19.84	0	1.12	0.48	0	0	0.96	0	0	2.08	0	0		0
PS58/274-1	13.95	0.18	0.53	0	0	0.35	0	1.58	1.58	0	4.56	0	4.56	0	64.21	0	0	0	0.35	0.53	0	5.44	0	0	0	0.18	0	0	0	0	0	0	0	0	0.18	0	0.18	0	0.18	0	0	0	0	0		0	0.18	1.93	0.35	10.88	0	0.53	0.53	0	0.18	0.53	0.18	0	1.93	0	0		0
PS58/274-1	14.05	0.15	0.45	0	0	0.3	0	0.91	0.91	0	3.79	0	3.48	0	64.39	0	0	0	0.61	0.91	0	3.94	0	0	0	0.15	0	0	0	0	0	0	0	0	0.15	0	0	0	0.15	0	0	0	0	0		0	0.15	2.27	0.45	13.18	0.15	0.91	0.91	0.15	0	0.61	0	0	1.97	0	0		0.15
PS58/274-1	14.15	0	0	0	0	0.53	0	1.93	1.93	0	2.63	0.18	3.68	0	66.02	0	0	0	0.35	0.53	0	3.68	0	0	0	0.18	0	0	0	0	0	0	0	0	0.35	0	0	0	0.35	0	0	0	0	0.18		0	0	1.4	0.35	13.49	0	0.88	0.53	0	0	0.88	0	0	2.28	0	0		0
PS58/274-1	14.25	0	0.32	0	0	0.64	0	1.44	1.44	0	2.72	0.16	2.56	0	65.18	0	0	0	0.32	0.8	0	4.47	0	0	0	0	0	0	0	0	0	0	0	0.16	0.48	0	0.16	0	0.48	0	0	0	0.16	0		0	0	1.76	0.96	13.9	0	0.96	0.32	0	0	0.64	0	0	1.92	0	0		0
PS58/274-1	14.35	0	0.47	0	0	0.47	0	1.4	1.4	0	2.1	0	5.37	0	68.22	0	0	0	0.47	0.23	0	2.57	0	0	0	0	0	0	0	0	0	0	0	0	0	0	0	0	0	0	0	0	0	0		0	0	0.93	0.7	13.79	0	0	0.23	0	0	0.93	0	0	2.1	0	0		0
PS58/274-1	14.45	0.15	0.62	0	0	0.15	0	2.15	2.15	0	4.31	0.15	2.92	0	65.85	0	0	0	0.46	0.46	0.15	4.62	0	0	0	0	0	0	0	0	0	0	0	0	0.15	0	0	0	0.15	0	0	0	0	0.31		0	0.15	1.54	0.62	11.38	0.15	0.15	0.62	0	0.15	0.92	0.15	0	1.69	0	0		0
PS58/274-1	14.55	0	0.99	0	0	0.25	0	1.49	1.49	0	5.2	0	1.49	0.25	68.32	0	0	0	0.5	0.25	0	5.2	0	0	0	0	0	0	0	0	0	0	0	0	0.25	0	0	0.25	0.5	0	0	0	0	0		0	0	1.24	0.25	10.4	0	0	0.5	0	0	0.99	0.25	0	1.98	0	0		0
PS58/274-1	14.65	0	0.67	0	0	0.22	0	0.67	0.67	0	4.66	0	3.99	0.22	66.08	0	0.2217295	0.2217295	0.67	0.67	0	4.21	0	0	0	0.22	0	0	0	0	0	0	0	0	0.22	0	0	0	0.22	0	0	0	0	0		0	0	2	0.67	11.09	0	1.11	0.44	0	0	0.22	0	0.22	1.55	0	0		0
PS58/274-1	14.75	0	0.77	0	0	0.39	0	1.16	1.16	0	2.13	0.19	3.09	0.19	67.31	0	0.3868472	0.3868472	0.19	0.58	0.19	3.29	0	0	0	0.19	0.19	0	0	0	0	0	0	0	0	0	0	0	0	0	0	0	0	0.39		0	0	1.74	0.39	12.96	0	0.19	0.77	0	0	1.55	0.19	0	1.55	0	0		0
PS58/274-1	14.85	0	0.75	0	0	0.25	0	0.75	0.75	0	4.49	0.25	2.74	0	68.33	0	0	0	0	1.25	0	3.99	0	0	0	0.25	0	0	0	0	0	0	0	0	0	0	0	0	0	0	0	0	0	0		0	0	2.24	0.5	11.72	0	0.25	0.25	0	0	0.5	0	0	1.5	0	0		0
PS58/274-1	14.95	0	0.95	0	0	0	0	1.65	1.65	0	5.2	0.24	1.18	0	67.85	0	0	0	0.24	0.95	0	4.49	0	0	0	0	0	0	0	0	0	0	0	0	0	0	0	0	0	0	0	0	0.24	0.24		0	0	1.42	0.71	10.64	0	0.24	0.24	0	0	1.18	0.24	0	2.13	0	0		0
PS58/274-1	15.05	0	0.65	0	0	0.65	0	1.17	1.17	0	1.69	0	1.96	0	69.23	0	0	0	0.13	0.91	0	4.17	0	0	0	0.13	0	0	0	0	0	0	0	0	0.65	0	0	0	0.65	0	0	0	0.13	0		0	0	1.43	0.39	13.04	0.13	0.91	0.26	0	0	0.65	0	0	1.69	0	0		0
PS58/274-1	15.15	0	0.24	0	0	0.24	0	0.95	0.95	0	3.8	0	1.66	0	71.97	0	0.2375297	0.2375297	0.24	0	0.24	3.09	0	0	0	0	0	0	0	0	0	0	0	0	0.71	0	0	0	0.71	0	0	0	0	0.24		0	0	2.61	0.24	10.69	0	0.24	0.24	0	0	0.48	0	0	1.9	0	0		0
PS58/274-1	15.25	0	0.43	0	0	0.22	0	0.43	0.43	0	4.77	0.22	1.74	0	70.5	0.22	0.4338395	0.6538395	0.22	0.65	0	6.29	0	0.22	0	0	0	0	0	0	0	0	0	0	0.43	0	0	0	0.43	0	0	0	0	0		0	0	1.08	0.87	9.11	0.22	0.22	0.22	0	0	0.22	0	0	1.3	0	0		0
PS58/274-1	15.35	0.21	0.41	0.21	0	0	0	1.04	1.04	0	4.36	0	3.32	0	67.22	0.21	0.4149378	0.6249378	0	0.41	0	6.64	0	0.21	0	0	0	0	0	0	0	0	0	0	0.41	0.41	0	0	0.41	0	0	0	0	0		0	0	1.66	1.45	7.47	0	0.41	0.62	0	0	0.41	0	0.21	2.28	0	0		0
PS58/274-1	15.45	0.21	0.84	0	0	0	0	1.05	1.05	0	2.1	0	2.94	0	68.7	0	0	0	0.21	1.05	0	4.2	0	0	0	0	0	0	0.21	0	0.21	0	0	0	0.21	0	0	0	0.21	0	0	0	0	0		0	0	1.05	0.63	12.61	0.21	1.05	0.42	0	0	0.42	0	0	1.89	0	0		0
PS58/274-1	15.55	0	0.48	0	0	0.48	0	0.24	0.24	0	2.39	0	3.35	0	67.7	0.24	0	0.24	0.48	0.96	0	4.78	0	0	0	0.72	0	0	0	0	0	0	0	0	0	0	0	0	0	0	0	0	0	0.24		0	0	1.67	0.72	10.53	0	0.48	0.72	0	0	0.96	0	0	2.87	0	0		0
PS58/274-1	15.65	0	0.46	0	0	0	0	0.69	0.69	0	1.84	0	3	0	72.12	0.23	0	0.23	0	0.46	0	2.3	0	0.23	0	0.69	0	0	0.23	0	0.23	0	0	0	0.46	0	0	0	0.46	0	0	0	0	0.23		0	0	0.92	0.23	11.52	0	0.23	0.69	0	0	0.23	0	0	3	0	0.23		0.23
PS58/274-1	15.75	0.19	0.56	0	0	0.19	0	0.94	0.94	0	3.01	0.19	2.44	0	69.36	0	0	0	0.19	0.94	0	3.76	0	0	0	0.19	0	0	0	0.19	0.19	0	0	0	0.19	0.19	0	0	0.19	0	0	0	0.19	0		0	0	1.5	0.38	11.84	0	0.19	0.56	0	0	0.56	0	0	2.07	0	0.19		0.19
PS58/274-1	15.85	0.47	0.47	0	0	0.47	0	1.17	1.17	0	7.01	0	1.4	0	66.59	0.23	0.2336449	0.4636449	0.23	1.17	0	3.27	0	0	0	0	0	0	0	0	0	0	0	0	0	0	0	0	0	0	0	0	0	0		0	0	2.8	0.93	9.11	0.23	0.7	0.47	0	0	0	0	0.23	2.8	0	0		0
PS58/274-1	15.95	0.22	0.45	0	0	0.45	0	0.45	0.45	0	2.68	0.22	2.01	0.22	70.25	0	0	0	0	0.22	0	3.8	0	0	0	0.22	0	0	0	0	0	0	0	0	0.22	0	0	0	0.22	0	0	0	0	0		0	0	1.79	0.22	12.75	0	0.22	0.45	0	0	0.67	0	0	2.46	0	0		0
PS58/274-1	16.05	0	0.35	0	0	0	0	1.05	1.05	0	1.75	0.17	1.75	0	74.83	0	0.1748252	0.1748252	0	0.52	0.17	3.67	0	0	0	0.52	0	0	0	0	0	0	0	0	0.17	0	0	0	0.17	0	0	0	0	0.17		0	0	1.92	0.35	9.09	0	0.7	0.17	0	0	0.52	0.17	0	1.75	0	0		0
PS58/274-1	16.15	0.63	0.21	0	0	0.84	0	0.84	0.84	0	4.59	0.21	2.09	0.42	70.56	0	0.2087683	0.2087683	0.21	1.04	0	4.38	0	0	0	0.21	0	0	0.21	0	0.21	0	0	0	0	0	0	0	0	0	0	0	0	0		0	0	0.84	0.21	8.98	0	0.21	0.42	0.21	0	0.42	0.21	0	1.67	0	0.21		0.42
PS58/274-1	16.25	0	0.45	0	0	0.45	0	0.68	0.68	0	3.17	0.23	2.94	0	70.81	0	0	0	0	0.9	0	5.43	0	0	0	0	0.45	0	0.68	0	0.68	0	0	0	0	0	0	0	0	0	0	0	0	0		0	0	2.71	0.9	6.11	0	0.9	0.23	0	0	0.9	0.23	0	1.81	0	0		0
PS58/274-1	16.35	0	0.23	0	0	0.46	0	1.16	1.16	0	2.31	0	1.85	0	71.53	0	0	0	0	0.46	0	4.17	0	0	0	0	0.23	0	0	0	0	0	0	0	0	0	0	0	0	0	0	0	0	0.23		0	0	1.85	0.23	11.11	0	0.23	0.46	0	0.23	0.69	0.23	0	2.31	0	0		0
PS58/274-1	16.45	0	0	0	0	0.22	0	1.72	1.72	0	3.88	0	1.29	0	75	0	0	0	0.43	0.65	0	2.59	0	0	0	0.43	0	0	0	0	0	0	0	0	0.43	0	0	0	0.43	0	0	0	0	0.22		0	0	1.29	0.22	8.62	0	0.22	0	0	0	0.65	0	0.22	1.94	0	0		0
PS58/274-1	16.55	0.15	0.31	0	0	0.31	0	1.08	1.08	0	4.31	0.15	2.62	0	72	0	0.1538462	0.1538462	0.31	0.15	0	4	0	0	0	0.31	0	0	0.15	0.15	0.3	0	0	0	0	0	0	0	0	0	0	0	0	0.15		0	0	1.69	0	8.31	0	0.46	0.46	0	0.15	0.46	0	0	2.15	0	0		0
PS58/274-1	16.65	0	0.42	0	0	0	0	2.71	2.71	0	4.38	0	1.25	0	69.73	0.21	0	0.21	0	0.42	0	2.3	0	0	0	0.21	0	0	0	0.21	0.21	0	0	0	0	0	0	0	0	0	0	0	0	0		0	0	1.46	0.42	10.02	0.21	0.84	0.21	0	0	1.04	0	0.21	3.76	0	0		0
PS58/274-1	16.75	0.47	0.47	0	0	0.47	0	1.17	1.17	0	5.63	0.23	1.17	0	67.84	0	0	0	0.23	0.47	0	4.69	0	0	0	0	0	0	0	0	0	0	0	0	0	0	0	0	0	0	0	0	0	0		0	0	2.11	0	11.74	0	0.47	0	0	0	0.23	0	0	2.58	0	0		0
PS58/274-1	16.85	0.25	0.49	0	0	0	0	1.98	1.98	0	3.21	0.25	1.23	0	73.83	0	0	0	0.25	0.25	0	2.96	0	0.25	0	0.25	0	0	0	0	0	0	0	0	0	0	0	0	0	0	0	0	0	0.25		0	0	1.23	0	8.89	0.25	0.99	0	0	0	0.74	0	0.25	2.22	0	0		0
PS58/274-1	16.95	0	0.21	0	0	0.43	0	0.43	0.43	0	2.99	0.43	2.35	0	70.09	0	0	0	0.21	0.21	0	5.13	0	0	0	0.64	0	0	0	0	0	0	0	0	0.21	0	0	0	0.21	0	0	0	0	0		0	0	2.14	0.43	11.11	0	0.43	0	0	0	0.85	0	0	1.71	0	0		0
PS58/274-1	17.05	0	0.41	0	0	0.21	0	0.62	0.62	0	1.85	0.21	3.5	0	71.19	0	0	0	0.21	1.03	0	4.94	0	0	0	0.21	0	0	0	0	0	0	0	0	0.21	0	0	0	0.21	0	0.21	0	0	0		0	0	1.44	0.21	11.52	0	0	0	0	0	0.41	0	0	1.65	0	0		0
PS58/274-1	17.15	0	0.43	0	0	0.21	0	1.07	1.07	0	1.71	0	1.71	0	74.95	0	0	0	0.64	1.5	0	4.28	0	0	0	0.21	0	0	0.21	0	0.21	0	0	0	0	0	0	0	0	0	0	0	0	0		0	0.21	1.5	0	7.28	0	0.86	0.21	0	0	0.21	0	0	2.78	0	0		0
PS58/274-1	17.25	0.41	0.62	0	0	0	0	0.83	0.83	0	1.24	0	1.45	0.21	76.19	0	0	0	0.41	0.41	0	3.93	0	0	0	0.83	0	0	0	0	0	0	0	0	0	0	0	0	0	0	0	0	0	0.21		0	0	1.66	0.41	7.66	0	0.41	0	0	0	0.83	0	0	2.28	0	0		0
PS58/274-1	17.35	0	0	0	0	0.93	0	0.7	0.7	0	1.4	0	1.17	0	80.65	0	0	0	0	0.47	0	1.86	0	0	0	0.93	0.23	0	0	0	0	0	0	0	0	0	0	0	0	0	0	0	0.23	0		0	0	0.93	0.7	5.83	0	0	0.23	0	0	0.93	0.23	0	2.56	0	0		0
PS58/274-1	17.45	0.11	0.22	0	0	0.22	0	0.88	0.88	0	0.88	0	1.42	0	81.95	0	0	0	0.11	0.22	0	2.08	0	0	0	0.33	0	0	0.22	0.22	0.44	0	0	0	0	0	0.11	0	0	0	0	0	0	0.22		0	0	0.98	0	7.55	0.11	0.11	0	0	0	0.88	0	0	1.2	0	0		0
PS58/274-1	17.55	0	0	0	0	0.38	0	0.56	0.56	0	1.88	0	2.81	0	79.36	0	0	0	0.19	0.56	0	1.31	0	0	0	0.38	0	0	0	0	0	0	0	0	0.19	0	0	0	0.19	0	0	0	0	0		0	0	1.13	0	6.19	0	0.94	0.75	0	0	1.13	0	0	2.25	0	0		0
PS58/274-1	17.65	0.22	0.22	0	0	0.22	0	1.53	1.53	0	5.91	0	1.75	0	70.46	0	0	0	0.22	1.09	0	1.09	0	0	0	0.22	0.22	0	0	0	0	0	0	0	0	0	0	0	0	0	0	0	0	0.22		0	0	3.5	0	8.1	0	0.44	0.44	0	0	1.53	0	0	2.63	0	0		0
PS58/274-1	17.75	0	0	0	0	0.47	0	2.12	2.12	0	8.73	0	1.89	0	67.92	0	0	0	0.47	0.47	0	2.83	0	0	0	0	0	0	0	0.24	0.24	0	0	0	0	0	0	0	0	0	0	0	0	0		0	0	2.36	0	8.02	0	0	0.47	0	0	1.18	0	0	2.83	0	0		0
PS58/274-1	17.85	0	0.2	0	0	0.61	0.2	1.02	1.22	0	2.46	0	3.89	0	70.9	0	0	0	0	0.61	0	1.84	0	0	0	0.2	0.2	0	0	0	0	0.2	0	0	0.2	0	0	0	0.2	0	0	0	0	0.2		0	0	1.64	0.2	10.04	0	1.23	0.2	0	0	1.64	0	0	2.25	0	0		0
PS58/274-1	17.95	0.48	0.48	0	0	0.24	0	0.71	0.71	0	3.57	0	1.19	0	73.33	0	0	0	0.71	0	0	2.38	0	0	0	0.24	0	0	0	0	0	0	0	0	0	0	0	0	0	0	0	0	0.48	0.24		0	0	0.95	0.24	10.24	0	0.48	0	0	0	1.43	0	0.24	2.38	0	0		0
PS58/274-1	18.05	0.21	0.21	0	0	0.42	0	1.47	1.47	0	3.16	0	3.16	0	71.58	0	0	0	0	0	0	3.79	0	0	0	0.42	0	0	0	0.21	0.21	0	0	0	0.21	0	0	0	0.21	0	0	0	0	0.21		0	0	2.74	0.21	6.74	0	1.47	0	0	0	1.47	0	0	2.32	0	0		0
PS58/274-1	18.15	0	0.18	0	0	0.72	0	1.81	1.81	0	1.44	0.18	2.17	0	76.35	0	0	0	0	0.54	0	3.79	0	0	0	0.36	0	0	0	0	0	0	0	0	0.18	0	0	0	0.18	0	0	0	0	0		0	0	1.81	0.18	7.4	0	0.36	0	0	0	1.08	0.18	0	1.26	0	0		0
PS58/274-1	18.25	0	0.53	0	0	0.36	0	1.96	1.96	0	2.31	0.18	2.85	0	70.11	0	0	0	0	0.53	0	3.56	0	0	0	0	0	0	0	0.18	0.18	0	0	0	0.18	0	0	0	0.18	0	0	0	0	0		0	0	1.42	0.18	10.14	0	0.53	0.53	0	0.18	2.31	0	0	1.96	0	0		0
PS58/274-1	18.35	0	0.46	0	0	0	0	1.6	1.6	0	1.6	0	1.6	0.23	74.37	0	0	0	0.46	0.69	0	1.83	0	0	0	0	0	0	0	0	0	0	0	0.23	0	0	0	0	0	0	0	0	0	0		0	0	2.06	0.23	11.44	0.23	0	0.23	0	0	1.37	0	0	1.37	0	0		0
PS58/274-1	18.45	0.48	0.24	0	0	0.24	0	0.97	0.97	0	2.18	0	2.66	0.24	73.85	0.24	0	0.24	0.48	0.73	0	4.6	0	0	0	0.24	0	0	0.24	0	0.24	0	0	0	0.24	0	0	0	0.24	0	0	0	0	0		0	0	2.66	0.48	6.54	0	0.24	0.24	0	0	0.73	0	0	1.45	0	0		0
PS58/274-1	18.55	0	0	0	0	0.36	0	1.61	1.61	0	5.36	0	1.61	0	67.14	0.18	0	0.18	0.71	0.89	0	5.71	0	0	0	0.18	0.18	0	0.18	0.18	0.36	0	0	0	0.18	0	0	0	0.18	0	0	0	0	0.18		0	0.18	3.04	0.36	7.68	0	0.89	0.18	0	0	1.25	0.36	0	1.43	0	0		0
PS58/274-1	18.65	0.44	0	0	0.22	0.44	0	2.42	2.42	0	3.08	0.22	1.98	0	72.25	0	0	0	0.22	0.44	0	2.42	0	0	0	0.44	0	0	0	0.22	0.22	0	0	0	0	0	0	0	0	0	0.22	0	0	0		0	0	3.08	0.22	7.49	0	0.66	0.44	0	0	1.54	0	0	1.54	0	0		0
PS58/274-1	18.75	0	0.43	0	0	0.21	0	1.07	1.07	0	2.14	0	2.14	0	73.45	0	0	0	0.21	0.64	0	3.85	0	0	0	0.64	0	0	0.43	0.21	0.64	0	0	0	0	0	0	0	0	0	0	0	0	0		0	0	1.28	0	8.78	0	0.21	0	0	0	2.14	0	0	2.14	0	0		0
PS58/274-1	18.85	0.2	0	0	0	0	0	2.77	2.77	0	0.99	0	1.38	0	73.91	0	0	0	0.2	0.4	0	3.95	0	0	0	0.4	0	0	0	0	0	0	0	0	0.4	0	0	0	0.4	0	0	0	0	0.2		0	0	2.77	0.2	4.94	0	0.4	1.19	0	0	2.57	0	0	3.16	0	0		0
PS58/274-1	18.95	0	0	0	0	0.43	0	1.52	1.52	0	2.6	0	3.25	0	67.97	0	0	0	0	0.43	0	2.6	0	0.22	0	0.22	0	0	0	0	0	0	0	0	0.22	0	0.22	0	0.22	0	0	0	0	0		0	0	1.95	0	13.64	0	0.87	0.43	0	0	1.52	0	0	1.95	0	0		0
PS58/274-1	19.05	0.22	0	0	0.22	0.45	0	1.57	1.57	0	3.36	0.22	0.89	0.22	70.25	0	0	0	0.22	1.12	0	4.25	0	0.22	0	1.12	0	0	0	0.22	0.22	0	0	0	0	0	0	0	0	0	0	0	0	0		0	0	2.01	0	10.07	0	0	0	0	0	2.01	0	0	1.34	0	0		0
PS58/274-1	19.15	0	0.22	0	0	0	0	0.67	0.67	0	1.55	0	1.33	0	79.38	0	0	0	0.22	0.44	0	2.66	0	0	0	0	0	0	0	0	0	0	0	0	0.22	0	0	0	0.22	0	0	0	0	0		0	0	0.89	0.44	7.32	0	0.22	0	0	0	2.44	0	0	2	0	0		0
PS58/274-1	19.25	0.15	0.15	0	0	0	0	0.45	0.45	0	2.54	0	0.9	0	75.82	0	0	0	0.15	0.15	0	2.39	0	0	0	0.45	0	0	0	0.15	0.15	0	0	0	0	0	0	0	0	0	0	0	0	0.3		0	0	0.75	0.15	7.46	0	1.49	0.45	0	0	4.03	0	0	2.09	0	0		0
PS58/274-1	19.35	0	0.39	0	0	0.19	0	1.17	1.17	0	5.26	0	1.36	0	70.37	0	0	0	0.19	0.19	0	2.14	0	0	0	0.39	0	0	0.19	0.19	0.38	0	0	0	0	0	0	0	0	0	0	0	0.19	0.39		0	0	1.95	0	8.58	0	1.36	0.19	0	0	2.53	0	0	2.73	0	0		0
PS58/274-1	19.45	0.41	0.28	0	0	0.41	0	1.65	1.65	0	2.89	0	1.24	0.28	77.85	0	0	0	0	0.55	0.14	1.51	0	0	0	0.14	0	0	0	0.14	0.14	0	0	0	0	0	0	0	0	0	0.14	0	0	0.14		0	0	1.1	0	7.15	0	0.69	0.41	0	0	1.38	0	0	1.38	0.14	0		0
PS58/274-1	19.55	0.24	0.24	0	0	0.24	0	0	0	0	4.53	0.24	1.43	0	75.42	0	0	0	0.24	0.24	0	2.39	0	0	0	0.24	0	0	0.24	0	0.24	0	0	0	0	0	0	0	0	0	0	0	0	0		0	0	1.43	0	8.35	0	0.24	0.48	0	0	2.63	0	0	0.95	0.24	0		0
PS58/274-1	19.65	0.22	0	0	0	0.44	0	1.55	1.55	0	4.42	0	0.88	0	76.11	0.22	0	0.22	0	0.66	0.44	1.33	0	0.22	0	0.88	0	0	0	0	0	0	0	0	0	0	0	0	0	0	0	0	0	0.22		0	0	0.88	0	6.64	0	0	0.22	0	0	1.55	0	0	3.1	0	0		0
PS58/274-1	19.75	0.14	0	0	0	0.28	0	1.4	1.4	0	2.79	0	0.98	0.14	76.68	0	0	0	0.14	0.42	0	1.82	0	0	0	0.7	0	0	0	0	0	0	0	0.14	0	0	0	0	0	0	0	0	0	0.14		0	0	1.26	0	6.42	0	0.56	0.84	0	0	2.37	0	0.14	2.65	0	0		0
PS58/274-1	19.85	0.14	0	0	0.14	0.29	0.14	1.43	1.57	0	3.16	0	1.58	0	75.32	0	0	0	0.29	0	0	0.72	0	0	0	1.15	0	0	0.14	0	0.14	0	0	0	0	0	0	0	0	0	0	0	0.14	0.14		0	0	1.15	0	7.46	0	0.57	0.14	0	0	3.01	0	0	2.87	0	0		0
PS58/274-1	19.95	0	0.21	0	0	0.21	0	1.69	1.69	0	2.75	0	2.33	0	74	0	0	0	0.21	0	0	0.85	0	0	0	0.21	0	0	0	0	0	0	0	0	0	0	0	0	0	0	0	0	0.21	0		0	0	0.85	0	10.78	0	1.48	0	0	0.21	2.11	0	0	1.9	0	0		0
PS58/274-1	20.05	0.3	0.15	0	0	0.15	0	1.95	1.95	0	5.11	0	1.35	0	74.47	0	0	0	0	0	0	1.65	0	0.15	0	0.75	0	0	0.15	0	0.15	0	0	0.15	0	0	0	0	0	0	0	0	0	0		0	0	1.05	0	7.06	0	0.75	0.15	0	0	2.25	0	0	2.25	0	0.15		0.15
PS58/274-1	20.15	0	0	0	0	0.22	0	2.37	2.37	0	12.07	0.22	1.51	0	68.32	0	0	0	0.22	0.22	0	0.65	0	0	0	0.86	0	0	0.22	0.22	0.44	0	0	0	0	0	0	0	0	0	0	0	0	0.22		0	0	0	0	7.54	0.22	0.22	0	0	0	1.94	0	0	2.8	0	0		0
PS58/274-1	20.25	0	0.16	0	0	0.16	0	0.78	0.78	0	7	0	1.71	0	72.47	0	0	0	0	0.16	0	0.78	0	0	0	0.93	0	0	0	0	0	0	0	0	0	0	0	0	0	0	0	0	0.16	0.31		0	0	0.93	0	7.47	0.31	0.31	0.31	0	0.16	1.24	0.16	0	4.51	0	0		0
PS58/274-1	20.35	0.14	0.14	0	0	0.56	0	0.98	0.98	0	13.78	0	1.13	0	66.53	0	0	0	0.14	0.14	0	2.25	0	0	0	0.42	0	0	0	0	0	0	0	0	0	0	0	0	0	0	0	0	0	0.14		0	0	1.13	0	5.2	0.56	0.42	0.28	0	0.14	2.11	0	0	3.8	0	0		0
PS58/274-1	20.45	0	0	0.15	0	0.46	0	0.61	0.61	0	15.93	0	1.23	0	63.09	0	0	0	0.15	0	0	0.77	0	0	0	1.23	0	0	0.31	0	0.31	0	0	0	0	0	0	0	0	0	0	0	0	0.15		0.15	0	0.46	0	6.89	0.46	0.61	0.15	0	0.15	1.84	0.31	0.15	4.75	0	0		0
PS58/274-1	20.55	0	0	0	0	0.18	0	1.27	1.27	0	30.55	0	1.09	0	54.36	0	0	0	0.18	0	0	0.91	0	0	0	0	0	0	0	0	0	0	0	0	0	0	0	0	0	0	0	0	0	0		0	0	0.73	0	5.64	0.18	0.36	0.18	0	0	1.64	0	0	2.73	0	0		0
PS58/274-1	20.65	0.23	0.23	0	0	0.23	0	0.91	0.91	0	19.18	0	1.14	0	60.5	0	0	0	0	0	0	2.51	0	0	0	0.68	0	0	0	0	0	0	0	0	0.23	0	0	0	0.23	0	0	0	0	0		0	0	1.37	0.23	6.62	0	0.46	0	0	0	2.51	0	0	2.97	0	0		0
PS58/274-1	20.75	0	0	0	0	0.95	0	1.18	1.18	0	11.82	0	0.95	0	62.65	0	0	0	0.24	0	0	2.13	0	0	0	0.24	0	0	0	0	0	0	0	0	0	0	0	0	0	0	0	0	0	0		0	0.24	1.18	0	11.58	0	0.47	0.24	0	0	1.42	0	0	4.73	0	0		0
PS58/274-1	20.85	0	0.3	0	0	0.3	0	1.04	1.04	0	10.8	0	1.78	0	67.01	0	0	0	0.44	0.44	0	2.37	0	0	0	0.3	0	0	0	0	0	0	0	0	0	0	0	0	0	0	0	0	0	0.3		0	0	0.59	0.15	8.14	0.15	0.3	0.15	0	0	1.78	0.15	0	3.55	0	0		0
PS58/274-1	20.95	0	0.23	0	0	0.68	0	2.05	2.05	0	28.77	0	1.14	0	48.63	0	0	0	0.46	0.68	0	3.65	0	0	0	0	0	0	0	0	0	0	0	0	0	0	0	0	0	0	0	0	0	0.46		0	0	1.83	0	7.31	0	0.46	0.23	0	0	0.46	0	0	2.97	0	0		0
PS58/274-1	21.05	0	0.19	0	0	0.37	0	1.11	1.11	0	15.19	0	1.85	0	59.44	0	0	0	0	0.93	0	3.89	0	0	0	0	0	0	0	0	0	0	0	0	0.37	0	0	0	0.37	0	0	0	0.19	0		0	0	2.22	0.19	7.59	0.37	0.74	0.19	0	0	1.85	0.19	0	2.96	0	0.19		0.19
PS58/274-1	21.15	0.14	0.29	0	0	0.57	0	1	1	0	5.73	0	1.58	0	69.63	0.43	0.1432665	0.5732665	0.29	0.86	0	3.72	0	0	0	0.14	0.14	0	0	0.14	0.14	0	0	0	0	0	0	0	0	0	0	0	0	0.14		0	0	1.43	0.57	7.74	0	0.72	0.86	0	0	1.72	0	0	2.01	0	0		0
PS58/274-1	21.25	0	0.47	0	0	0.31	0	0.78	0.78	0	6.88	0.16	1.41	0	69.69	0.16	0	0.16	0.31	0.31	0	4.84	0	0	0	0.16	0	0	0	0	0	0	0	0	0.16	0	0	0	0.16	0	0	0	0	0.16		0	0	1.88	0.47	7.5	0	0.62	0.31	0	0.16	1.25	0.16	0.16	1.72	0	0		0
PS58/274-1	21.35	0	0.43	0	0	0.21	0	1.92	1.92	0	5.12	0	1.28	0	73.56	0	0	0	0.21	0.64	0	4.26	0	0	0	0	0	0	0	0	0	0	0	0	0	0	0	0	0	0	0	0	0	0		0	0	1.92	0.43	6.18	0	0.43	0.21	0	0	1.28	0	0	1.92	0	0		0
PS58/274-1	21.45	0	0.25	0	0	0.49	0	0.98	0.98	0	4.66	0	0.98	0.25	75.25	0.25	0	0.25	0.49	1.23	0	3.92	0	0	0	0.25	0	0	0	0	0	0	0	0	0.25	0	0	0	0.25	0	0	0	0	0		0	0	0.74	0	5.64	0	0.49	0	0	0	2.45	0	0	1.47	0	0		0
PS58/274-1	21.55	0	0.24	0	0	0.24	0	2.35	2.35	0	2.59	0	1.65	0	77.18	0	0	0	0	0.47	0	3.76	0	0	0	0	0	0	0	0.24	0.24	0	0	0	0	0	0	0	0	0	0	0	0	0		0	0	0.24	0.24	7.76	0	0.24	0.71	0	0	0.94	0	0	1.18	0	0		0
PS58/274-1	21.65	0.2	0	0	0	0.8	0	1.6	1.6	0	3.4	0	1.6	0	71	0	0	0	0	0.6	0.2	3.6	0	0	0	0	0	0	0.2	0.2	0.4	0	0	0	0	0	0	0	0	0	0	0	0	0		0	0.2	1.8	0.2	10.2	0	0.6	0.8	0.2	0	1	0	0	1.6	0	0		0.2
PS58/274-1	21.75	0	0.21	0	0	0.21	0	0.64	0.64	0	3.19	0	2.13	0	72.13	0	0	0	0.21	0.85	0	2.13	0	0	0	0.21	0	0	0	0	0	0	0	0	0	0	0	0	0	0	0	0	0.21	0		0	0	2.55	0.21	10.64	0	0.64	0.21	0.21	0	2.13	0	0	1.28	0	0		0.21
PS58/274-1	21.85	0	0.33	0	0	0.16	0	0.98	0.98	0	6.06	0	1.31	0	72.34	0	0	0	0.49	0.65	0	5.07	0	0	0	0	0	0	0	0	0	0	0	0	0	0	0	0	0	0	0	0	0	0		0	0	1.8	0.16	6.22	0	0.82	0.82	0.16	0	0.98	0	0	1.64	0	0		0.16
PS58/274-1	21.95	0.14	0.28	0	0	0.42	0	1.53	1.53	0	3.89	0	1.53	0	71.63	0	0	0	0.28	0.56	0	2.92	0	0	0	0	0	0	0	0.14	0.14	0	0	0	0.14	0	0	0	0.14	0	0	0	0	0		0	0	1.11	0	11.13	0	0.97	0	0	0	1.67	0	0	1.67	0	0		0
PS58/274-1	22.05	0.24	0.24	0	0	0	0	0.94	0.94	0	3.3	0	1.65	0.24	73.35	0	0	0	0.71	0.71	0	3.54	0	0	0	0.71	0	0	0	0	0	0	0	0	0	0	0	0	0	0	0	0.24	0	0		0	0	1.89	0.47	7.78	0	0.94	0.24	0	0	0.94	0	0	1.89	0	0		0
PS58/274-1	22.15	0	0.41	0	0	0.41	0	1.38	1.38	0	6.6	0	1.51	0	69.19	0	0	0	0.14	0.28	0	5.09	0	0	0	0.28	0	0	0	0	0	0	0	0	0	0	0	0.14	0.14	0	0	0	0	0		0	0	2.06	0.28	7.98	0.14	0.55	0.83	0	0	1.51	0	0	1.24	0	0		0
PS58/274-1	22.25	0.17	0.17	0	0	0	0	1.04	1.04	0	5.02	0	0.52	0.17	73.88	0	0	0	0	0.35	0.17	4.84	0	0	0	0.52	0	0	0	0	0	0	0	0	0	0	0	0	0	0	0	0	0	0		0	0	0.52	0.52	8.13	0	0.52	0.52	0	0	1.56	0.17	0	1.04	0.17	0		0
PS58/274-1	22.35	0.16	0.16	0	0	0.32	0	0.65	0.65	0	5.35	0.16	2.11	0.16	65.8	0	0	0	0	0.81	0	3.89	0	0	0	0.16	0	0	0	0	0	0	0	0	0	0	0	0	0	0	0	0	0	0		0	0.16	2.27	0.16	13.45	0.16	0.81	0.49	0	0	1.62	0	0	1.13	0	0		0
PS58/274-1	22.45	0.17	0	0	0	0.17	0	1.04	1.04	0	7.8	0.17	1.73	0.17	68.8	0	0	0	0.17	0.69	0	3.29	0.17	0	0	0.35	0	0	0	0.17	0.17	0	0.1733102	0.17	0	0	0	0	0	0	0	0	0	0		0	0.17	2.08	0.17	9.01	0.35	0.35	0.52	0	0	1.73	0	0	0.35	0	0		0
PS58/274-1	22.55	0.62	0.21	0	0	0.42	0	0	0	0	10.83	0	1.67	0	64.17	0	0	0	0.21	0.42	0	4.17	0	0	0	0	0	0	0	0	0	0	0	0	0	0	0	0	0	0	0	0	0	0		0	0	3.12	0.21	10	0.21	0	0.42	0	0	2.08	0	0	1.25	0	0		0
PS58/274-1	22.65	0.21	0.21	0	0	0.21	0	0.21	0.21	0	7.86	0	1.06	0	70.06	0	0	0	0.21	0.64	0	3.18	0	0	0	0.85	0	0	0	0	0	0	0	0	0	0	0	0	0	0	0	0	0	0		0	0	2.12	0.42	8.7	0.21	0.64	0.21	0	0.21	1.27	0	0	1.49	0	0		0
PS58/274-1	22.75	0	0	0	0	0.16	0	0.96	0.96	0	6.88	0	0.96	0	71.52	0	0	0	0.16	0.64	0	3.52	0	0	0	0.48	0	0	0	0	0	0	0	0.16	0	0	0	0	0	0	0	0	0	0		0	0	1.76	0	7.36	0	0.48	0.48	0	0	2.24	0.16	0	2.08	0	0		0
PS58/274-1	22.85	0.18	0.18	0	0	0.36	0	0.9	0.9	0	8.84	0.18	1.44	0	66.43	0	0	0	0.18	0.18	0	2.35	0	0	0	0.36	0	0	0	0	0	0	0	0	0	0	0	0	0	0	0	0	0	0.18		0	0	1.62	0	11.91	0	0.36	0.54	0	0.18	2.17	0	0.18	1.26	0	0		0
PS58/274-1	22.95	0.34	0.17	0	0	0.17	0	0.69	0.69	0	13.57	0	0.86	0	65.81	0	0	0	0.17	0.52	0	3.61	0	0	0	0.17	0	0	0	0	0	0	0	0	0	0	0	0	0	0	0	0	0	0		0	0.17	1.55	0.17	6.87	0	1.2	0	0	0	1.89	0	0	2.06	0	0		0
PS58/274-1	23.05	0.19	0.19	0	0	0.19	0	1.67	1.67	0	20.04	0	1.11	0	55.66	0	0.1855288	0.1855288	0.19	0.19	0	1.67	0	0	0	0.19	0	0	0	0	0	0	0	0	0	0	0	0	0	0	0	0	0	0		0	0	2.41	0	10.2	0	1.11	0.19	0	0	2.23	0	0	2.41	0	0		0
PS58/274-1	23.15	0.46	0.15	0	0	0.31	0	1.23	1.23	0	8.62	0	0.77	0	72.92	0	0	0	0.15	0.15	0	2.46	0	0	0	0	0	0	0.15	0	0.15	0	0	0	0	0	0	0	0	0	0	0	0	0		0	0	2.15	0	5.85	0	0.46	0	0	0.15	2	0	0	2	0	0		0
